0.000000000000000000e+00 1.000000000000000000e+00 8.000000000000000000e+00 1.225648433974170892e+00 9.351555784593063025e-01
2.000000000000000111e-01 1.000000000000000000e+00 8.000000000000000000e+00 1.271386275251018994e+00 3.719889535578391193e-01
4.000000000000000222e-01 1.000000000000000000e+00 8.000000000000000000e+00 1.276041281074169920e+00 4.800005596166135313e-01
5.999999999999999778e-01 1.000000000000000000e+00 8.000000000000000000e+00 1.305571206704502885e+00 6.649259006551400120e-01
8.000000000000000444e-01 1.000000000000000000e+00 8.000000000000000000e+00 1.270775730831568140e+00 6.122552159676117878e-01
1.000000000000000000e+00 1.000000000000000000e+00 8.000000000000000000e+00 1.315124527673031007e+00 6.454296360046548608e-01
1.199999999999999956e+00 1.000000000000000000e+00 8.000000000000000000e+00 1.393131519449321010e+00 3.069459610305150798e-01
1.399999999999999911e+00 1.000000000000000000e+00 8.000000000000000000e+00 1.434968306373006763e+00 9.309618686532251663e-01
1.600000000000000089e+00 1.000000000000000000e+00 8.000000000000000000e+00 1.469343864858334126e+00 4.036563902167700224e-02
1.800000000000000044e+00 1.000000000000000000e+00 8.000000000000000000e+00 1.454645614518178531e+00 2.318155027325068396e-01
2.000000000000000000e+00 1.000000000000000000e+00 8.000000000000000000e+00 1.546000329153295327e+00 7.471458709663910680e-01
2.200000000000000178e+00 1.000000000000000000e+00 8.000000000000000000e+00 1.518292154381387649e+00 3.258418836666682195e-01
2.399999999999999911e+00 1.000000000000000000e+00 8.000000000000000000e+00 1.547683869012513869e+00 1.153419936404173063e-01
2.600000000000000089e+00 1.000000000000000000e+00 8.000000000000000000e+00 1.580733901486770954e+00 3.180822383670608433e-01
2.799999999999999822e+00 1.000000000000000000e+00 8.000000000000000000e+00 1.603551461894230368e+00 4.957038061766727566e-01
3.000000000000000000e+00 1.000000000000000000e+00 8.000000000000000000e+00 1.570033087983472297e+00 4.798540847813737020e-01
3.200000000000000178e+00 1.000000000000000000e+00 8.000000000000000000e+00 1.585917977095549602e+00 2.860346174840918687e-01
3.399999999999999911e+00 1.000000000000000000e+00 8.000000000000000000e+00 1.723177927939841148e+00 2.614040307468279423e-01
3.600000000000000089e+00 1.000000000000000000e+00 8.000000000000000000e+00 1.828806834021658556e+00 3.292709903503194813e-01
3.799999999999999822e+00 1.000000000000000000e+00 8.000000000000000000e+00 1.824730138551893699e+00 3.572503979173926592e-01
4.000000000000000000e+00 1.000000000000000000e+00 8.000000000000000000e+00 1.916271746793042352e+00 3.221493315748729103e-01
