0.000000000000000000e+00 3.000000000000000000e+00 5.000000000000000000e+00 1.424103675446759087e+00 7.545808716883373179e-04
2.000000000000000111e-01 3.000000000000000000e+00 5.000000000000000000e+00 1.424765358008563965e+00 9.909020768201770579e-04
4.000000000000000222e-01 3.000000000000000000e+00 5.000000000000000000e+00 1.426833944515184527e+00 3.173620045191505312e-04
5.999999999999999778e-01 3.000000000000000000e+00 5.000000000000000000e+00 1.440328469538878053e+00 7.752429672628347035e-04
8.000000000000000444e-01 3.000000000000000000e+00 5.000000000000000000e+00 1.464895069213995038e+00 7.415958034215908157e-04
1.000000000000000000e+00 3.000000000000000000e+00 5.000000000000000000e+00 1.475344600874262113e+00 7.437327250012781832e-04
1.199999999999999956e+00 3.000000000000000000e+00 5.000000000000000000e+00 1.489399075010402917e+00 9.650844891482268650e-04
1.399999999999999911e+00 3.000000000000000000e+00 5.000000000000000000e+00 1.522173327888369787e+00 7.088743861011215230e-04
1.600000000000000089e+00 3.000000000000000000e+00 5.000000000000000000e+00 1.540386321328518493e+00 9.463444949229238290e-04
1.800000000000000044e+00 3.000000000000000000e+00 5.000000000000000000e+00 1.575742535687863377e+00 8.895369484834825258e-04
2.000000000000000000e+00 3.000000000000000000e+00 5.000000000000000000e+00 1.603116902904758057e+00 9.171270928398644884e-04
2.200000000000000178e+00 3.000000000000000000e+00 5.000000000000000000e+00 1.646255647178277437e+00 8.625352643223394011e-04
2.399999999999999911e+00 3.000000000000000000e+00 5.000000000000000000e+00 1.670585005083711660e+00 8.675854904721669314e-04
2.600000000000000089e+00 3.000000000000000000e+00 5.000000000000000000e+00 1.704438476543521208e+00 7.206988159987881559e-04
2.799999999999999822e+00 3.000000000000000000e+00 5.000000000000000000e+00 1.751346208567229334e+00 7.279246870384170620e-04
3.000000000000000000e+00 3.000000000000000000e+00 5.000000000000000000e+00 1.778309854075809771e+00 7.829038424942424967e-04
3.200000000000000178e+00 3.000000000000000000e+00 5.000000000000000000e+00 1.818093856699292576e+00 7.986827360140225096e-04
3.399999999999999911e+00 3.000000000000000000e+00 5.000000000000000000e+00 1.865156524798235349e+00 9.839184206161810664e-04
3.600000000000000089e+00 3.000000000000000000e+00 5.000000000000000000e+00 1.911376823761293808e+00 8.108673068940586148e-04
3.799999999999999822e+00 3.000000000000000000e+00 5.000000000000000000e+00 1.964554790409577922e+00 9.674644478898652977e-04
4.000000000000000000e+00 3.000000000000000000e+00 5.000000000000000000e+00 1.998130198218959652e+00 1.149118246414948530e-03
