0.000000000000000000e+00 0.000000000000000000e+00 4.000000000000000000e+00 1.382849267201772259e+00 8.141390988145591479e-04
2.000000000000000111e-01 0.000000000000000000e+00 4.000000000000000000e+00 1.383640210780063828e+00 6.818695731158896933e-04
4.000000000000000222e-01 0.000000000000000000e+00 4.000000000000000000e+00 1.394359816998670398e+00 6.322300509420397674e-04
5.999999999999999778e-01 0.000000000000000000e+00 4.000000000000000000e+00 1.411335172742655963e+00 6.506181760387308444e-04
8.000000000000000444e-01 0.000000000000000000e+00 4.000000000000000000e+00 1.410008683371669624e+00 8.208907548153954181e-04
1.000000000000000000e+00 0.000000000000000000e+00 4.000000000000000000e+00 1.425780010954775801e+00 4.792213094145791885e-04
1.199999999999999956e+00 0.000000000000000000e+00 4.000000000000000000e+00 1.441443121954596451e+00 8.274717355971628052e-04
1.399999999999999911e+00 0.000000000000000000e+00 4.000000000000000000e+00 1.456277996987320744e+00 3.774321395966229176e-04
1.600000000000000089e+00 0.000000000000000000e+00 4.000000000000000000e+00 1.464586240443136456e+00 9.173270104697595073e-04
1.800000000000000044e+00 0.000000000000000000e+00 4.000000000000000000e+00 1.487489516915920795e+00 9.344998906553048101e-04
2.000000000000000000e+00 0.000000000000000000e+00 4.000000000000000000e+00 1.514832925991555612e+00 9.224160576959405944e-04
2.200000000000000178e+00 0.000000000000000000e+00 4.000000000000000000e+00 1.541980318412603079e+00 9.341941640295114979e-04
2.399999999999999911e+00 0.000000000000000000e+00 4.000000000000000000e+00 1.581089372179467656e+00 9.273880218574337420e-04
2.600000000000000089e+00 0.000000000000000000e+00 4.000000000000000000e+00 1.604944903816328150e+00 8.185700456212474663e-04
2.799999999999999822e+00 0.000000000000000000e+00 4.000000000000000000e+00 1.624301939886231949e+00 8.865830295989862719e-04
3.000000000000000000e+00 0.000000000000000000e+00 4.000000000000000000e+00 1.665813785411450754e+00 8.929197615836770296e-04
3.200000000000000178e+00 0.000000000000000000e+00 4.000000000000000000e+00 1.688401978406067094e+00 9.558041323476373918e-04
3.399999999999999911e+00 0.000000000000000000e+00 4.000000000000000000e+00 1.731050136062753930e+00 9.850342474282403060e-04
3.600000000000000089e+00 0.000000000000000000e+00 4.000000000000000000e+00 1.763280458482063828e+00 1.066486420909784627e-03
3.799999999999999822e+00 0.000000000000000000e+00 4.000000000000000000e+00 1.803424973519924368e+00 1.089898107551334761e-03
4.000000000000000000e+00 0.000000000000000000e+00 4.000000000000000000e+00 1.854123481271894747e+00 1.100070074619430294e-03
