0.000000000000000000e+00 1.000000000000000000e+00 2.000000000000000000e+00 1.041854150335256968e+00 3.086839819399500584e-05
2.000000000000000111e-01 1.000000000000000000e+00 2.000000000000000000e+00 1.041970645567253495e+00 2.685073413333238790e-05
4.000000000000000222e-01 1.000000000000000000e+00 2.000000000000000000e+00 1.038663995349571767e+00 3.988006323599746494e-04
5.999999999999999778e-01 1.000000000000000000e+00 2.000000000000000000e+00 1.075083620207419433e+00 2.363538341140225540e-04
8.000000000000000444e-01 1.000000000000000000e+00 2.000000000000000000e+00 1.092834630297307541e+00 3.861702652050436058e-04
1.000000000000000000e+00 1.000000000000000000e+00 2.000000000000000000e+00 1.108551547789248248e+00 3.489708397935720186e-04
1.199999999999999956e+00 1.000000000000000000e+00 2.000000000000000000e+00 1.130059848991576299e+00 3.869867117106684518e-04
1.399999999999999911e+00 1.000000000000000000e+00 2.000000000000000000e+00 1.158846618137005624e+00 3.493518123318661850e-04
1.600000000000000089e+00 1.000000000000000000e+00 2.000000000000000000e+00 1.054120289609771888e+00 9.139339768127197061e-04
1.800000000000000044e+00 1.000000000000000000e+00 2.000000000000000000e+00 1.225519029765406831e+00 3.430610006620593566e-04
2.000000000000000000e+00 1.000000000000000000e+00 2.000000000000000000e+00 1.254078823372760665e+00 3.536455805291938148e-04
2.200000000000000178e+00 1.000000000000000000e+00 2.000000000000000000e+00 1.289645137971399791e+00 3.562771038898571163e-04
2.399999999999999911e+00 1.000000000000000000e+00 2.000000000000000000e+00 1.329104343107163633e+00 3.596437154047560369e-04
2.600000000000000089e+00 1.000000000000000000e+00 2.000000000000000000e+00 1.371491771363874124e+00 3.589256146577790574e-04
2.799999999999999822e+00 1.000000000000000000e+00 2.000000000000000000e+00 1.416240799846376630e+00 3.627192513236954241e-04
3.000000000000000000e+00 1.000000000000000000e+00 2.000000000000000000e+00 1.464030004545484598e+00 4.025337491064817641e-04
3.200000000000000178e+00 1.000000000000000000e+00 2.000000000000000000e+00 1.505712772841326652e+00 3.484989041415698097e-04
3.399999999999999911e+00 1.000000000000000000e+00 2.000000000000000000e+00 1.556331298588940371e+00 3.744007673556204452e-04
3.600000000000000089e+00 1.000000000000000000e+00 2.000000000000000000e+00 1.602990028011526125e+00 4.225443210459367549e-04
3.799999999999999822e+00 1.000000000000000000e+00 2.000000000000000000e+00 1.654550241167457303e+00 3.953860556060728726e-04
4.000000000000000000e+00 1.000000000000000000e+00 2.000000000000000000e+00 1.707324884633705242e+00 3.847382778580099583e-04
