0.000000000000000000e+00 3.000000000000000000e+00 0.000000000000000000e+00 1.355829698803272532e+00 2.213993094727362276e-04
2.000000000000000111e-01 3.000000000000000000e+00 0.000000000000000000e+00 1.359280051424607283e+00 3.626590745173796648e-04
4.000000000000000222e-01 3.000000000000000000e+00 0.000000000000000000e+00 1.373518680402964209e+00 8.638016424900030188e-04
5.999999999999999778e-01 3.000000000000000000e+00 0.000000000000000000e+00 1.375279637759783569e+00 8.104426466090108860e-04
8.000000000000000444e-01 3.000000000000000000e+00 0.000000000000000000e+00 1.386181862721484581e+00 3.742602434819719548e-04
1.000000000000000000e+00 3.000000000000000000e+00 0.000000000000000000e+00 1.408940961597697328e+00 5.582703983812997706e-04
1.199999999999999956e+00 3.000000000000000000e+00 0.000000000000000000e+00 1.437815723050658967e+00 6.012796863680280879e-04
1.399999999999999911e+00 3.000000000000000000e+00 0.000000000000000000e+00 1.464469552100409189e+00 5.819176544067383716e-04
1.600000000000000089e+00 3.000000000000000000e+00 0.000000000000000000e+00 1.489696992447536728e+00 6.506968788214662069e-04
1.800000000000000044e+00 3.000000000000000000e+00 0.000000000000000000e+00 1.525684647907159963e+00 5.949201285493366242e-04
2.000000000000000000e+00 3.000000000000000000e+00 0.000000000000000000e+00 1.564616685112035110e+00 5.988273928243526001e-04
2.200000000000000178e+00 3.000000000000000000e+00 0.000000000000000000e+00 1.603596333040419042e+00 6.309537158839528814e-04
2.399999999999999911e+00 3.000000000000000000e+00 0.000000000000000000e+00 1.650597341580463118e+00 6.841804578453514196e-04
2.600000000000000089e+00 3.000000000000000000e+00 0.000000000000000000e+00 1.699462705075862612e+00 6.564780249204149598e-04
2.799999999999999822e+00 3.000000000000000000e+00 0.000000000000000000e+00 1.750988382947160638e+00 6.366878122168184717e-04
3.000000000000000000e+00 3.000000000000000000e+00 0.000000000000000000e+00 1.802565592549848494e+00 2.729917324206798668e-04
3.200000000000000178e+00 3.000000000000000000e+00 0.000000000000000000e+00 1.850423764034498486e+00 7.781916046417647337e-04
3.399999999999999911e+00 3.000000000000000000e+00 0.000000000000000000e+00 1.896042190187197107e+00 1.649042450696525108e-03
3.600000000000000089e+00 3.000000000000000000e+00 0.000000000000000000e+00 1.990047169202539656e+00 6.261163674847747274e-04
3.799999999999999822e+00 3.000000000000000000e+00 0.000000000000000000e+00 2.031580977496443285e+00 1.021177540763362757e-03
4.000000000000000000e+00 3.000000000000000000e+00 0.000000000000000000e+00 2.076902563949778013e+00 1.124539005922908785e-03
