0.000000000000000000e+00 2.000000000000000000e+00 4.000000000000000000e+00 8.957517535040915302e-01 2.153676222244632621e-02
2.000000000000000111e-01 2.000000000000000000e+00 4.000000000000000000e+00 8.972752806300282602e-01 2.170552126214669864e-02
4.000000000000000222e-01 2.000000000000000000e+00 4.000000000000000000e+00 9.044663888612070046e-01 2.144486574715248617e-02
5.999999999999999778e-01 2.000000000000000000e+00 4.000000000000000000e+00 9.137616745070675783e-01 2.147500577650646170e-02
8.000000000000000444e-01 2.000000000000000000e+00 4.000000000000000000e+00 9.302335803391703628e-01 2.110192639495106492e-02
1.000000000000000000e+00 2.000000000000000000e+00 4.000000000000000000e+00 9.488884065234559628e-01 2.102985983645278001e-02
1.199999999999999956e+00 2.000000000000000000e+00 4.000000000000000000e+00 9.702093121091726058e-01 2.112137318790258123e-02
1.399999999999999911e+00 2.000000000000000000e+00 4.000000000000000000e+00 9.962360369339728905e-01 1.884269765461410451e-02
1.600000000000000089e+00 2.000000000000000000e+00 4.000000000000000000e+00 1.007204313229929760e+00 1.262936092131239363e-04
1.800000000000000044e+00 2.000000000000000000e+00 4.000000000000000000e+00 1.054843965752039647e+00 2.078069458682896276e-02
2.000000000000000000e+00 2.000000000000000000e+00 4.000000000000000000e+00 1.088963253248806939e+00 2.086576281608876204e-02
2.200000000000000178e+00 2.000000000000000000e+00 4.000000000000000000e+00 1.126386786985475563e+00 1.985056844782262520e-02
2.399999999999999911e+00 2.000000000000000000e+00 4.000000000000000000e+00 1.164965549030926306e+00 1.901779485715349161e-02
2.600000000000000089e+00 2.000000000000000000e+00 4.000000000000000000e+00 1.195678242489721210e+00 3.177713822250438636e-02
2.799999999999999822e+00 2.000000000000000000e+00 4.000000000000000000e+00 1.242403602145144559e+00 2.270489154288291012e-02
3.000000000000000000e+00 2.000000000000000000e+00 4.000000000000000000e+00 1.284042784086132816e+00 2.440791071375070231e-02
3.200000000000000178e+00 2.000000000000000000e+00 4.000000000000000000e+00 1.328188356195607600e+00 2.487213349506467441e-02
3.399999999999999911e+00 2.000000000000000000e+00 4.000000000000000000e+00 1.381213440886395638e+00 2.354864764999797799e-02
3.600000000000000089e+00 2.000000000000000000e+00 4.000000000000000000e+00 1.434638488622937968e+00 2.145345297360434778e-02
3.799999999999999822e+00 2.000000000000000000e+00 4.000000000000000000e+00 1.468975789729121573e+00 1.495946413364832583e-01
4.000000000000000000e+00 2.000000000000000000e+00 4.000000000000000000e+00 1.522434534982753940e+00 3.042724478981273517e-02
