0.000000000000000000e+00 2.000000000000000000e+00 2.000000000000000000e+00 1.034702006125493678e+00 9.092357481144119902e-05
2.000000000000000111e-01 2.000000000000000000e+00 2.000000000000000000e+00 1.036112106610473926e+00 9.729430985183640246e-05
4.000000000000000222e-01 2.000000000000000000e+00 2.000000000000000000e+00 1.044967253297056642e+00 1.101616835508245629e-05
5.999999999999999778e-01 2.000000000000000000e+00 2.000000000000000000e+00 1.056930567606429339e+00 9.136927382946691267e-05
8.000000000000000444e-01 2.000000000000000000e+00 2.000000000000000000e+00 1.048792896043380107e+00 3.912819315640136963e-04
1.000000000000000000e+00 2.000000000000000000e+00 2.000000000000000000e+00 1.093714190535974407e+00 3.606853276264532226e-04
1.199999999999999956e+00 2.000000000000000000e+00 2.000000000000000000e+00 1.113699173289314892e+00 3.615874573035249284e-04
1.399999999999999911e+00 2.000000000000000000e+00 2.000000000000000000e+00 1.145122384718016306e+00 3.575419646036914756e-04
1.600000000000000089e+00 2.000000000000000000e+00 2.000000000000000000e+00 1.178386381559463736e+00 3.510966463207143562e-04
1.800000000000000044e+00 2.000000000000000000e+00 2.000000000000000000e+00 1.209388311193672738e+00 3.555345793598840842e-04
2.000000000000000000e+00 2.000000000000000000e+00 2.000000000000000000e+00 1.243875908247664697e+00 3.955450780082081508e-04
2.200000000000000178e+00 2.000000000000000000e+00 2.000000000000000000e+00 1.278540789325077753e+00 3.642221487168972871e-04
2.399999999999999911e+00 2.000000000000000000e+00 2.000000000000000000e+00 1.317998227990248017e+00 4.060995567436442855e-04
2.600000000000000089e+00 2.000000000000000000e+00 2.000000000000000000e+00 1.366566236370841292e+00 3.611506308265344245e-04
2.799999999999999822e+00 2.000000000000000000e+00 2.000000000000000000e+00 1.407900433009067198e+00 4.178037497259978750e-04
3.000000000000000000e+00 2.000000000000000000e+00 2.000000000000000000e+00 1.455854129275911291e+00 4.100426992850181307e-04
3.200000000000000178e+00 2.000000000000000000e+00 2.000000000000000000e+00 1.503445205065059742e+00 3.294133106725993798e-04
3.399999999999999911e+00 2.000000000000000000e+00 2.000000000000000000e+00 1.553706701877660690e+00 1.334831335838559951e-04
3.600000000000000089e+00 2.000000000000000000e+00 2.000000000000000000e+00 1.597390791381117392e+00 4.180457367982670647e-04
3.799999999999999822e+00 2.000000000000000000e+00 2.000000000000000000e+00 1.646743138963882469e+00 3.819845622190509715e-04
4.000000000000000000e+00 2.000000000000000000e+00 2.000000000000000000e+00 1.699194807796858164e+00 3.987907414633173886e-04
