0.000000000000000000e+00 2.000000000000000000e+00 1.000000000000000000e+00 1.121498344808313785e+00 4.026893219504223964e-04
2.000000000000000111e-01 2.000000000000000000e+00 1.000000000000000000e+00 1.126968056244411098e+00 3.812091995200050931e-04
4.000000000000000222e-01 2.000000000000000000e+00 1.000000000000000000e+00 1.128154465839283915e+00 3.857646035725359468e-04
5.999999999999999778e-01 2.000000000000000000e+00 1.000000000000000000e+00 1.137291142430822966e+00 4.051488498757471746e-04
8.000000000000000444e-01 2.000000000000000000e+00 1.000000000000000000e+00 1.156239299735809523e+00 3.868892738981832835e-04
1.000000000000000000e+00 2.000000000000000000e+00 1.000000000000000000e+00 1.043402473413508780e+00 6.542999319543163494e-04
1.199999999999999956e+00 2.000000000000000000e+00 1.000000000000000000e+00 1.051750805855721893e+00 4.264803424228746920e-04
1.399999999999999911e+00 2.000000000000000000e+00 1.000000000000000000e+00 1.222086887300645852e+00 4.029669723332185427e-04
1.600000000000000089e+00 2.000000000000000000e+00 1.000000000000000000e+00 1.252796764449035649e+00 3.974750530846282714e-04
1.800000000000000044e+00 2.000000000000000000e+00 1.000000000000000000e+00 1.287101323520549290e+00 3.998149824954166931e-04
2.000000000000000000e+00 2.000000000000000000e+00 1.000000000000000000e+00 1.326546431921700631e+00 4.401296072371607693e-04
2.200000000000000178e+00 2.000000000000000000e+00 1.000000000000000000e+00 1.364341970438009977e+00 4.456072054039861285e-04
2.399999999999999911e+00 2.000000000000000000e+00 1.000000000000000000e+00 1.403467292116325371e+00 4.107015980912009923e-04
2.600000000000000089e+00 2.000000000000000000e+00 1.000000000000000000e+00 1.448255117847710327e+00 4.112399131306343492e-04
2.799999999999999822e+00 2.000000000000000000e+00 1.000000000000000000e+00 1.498132332538488320e+00 4.070871194736813692e-04
3.000000000000000000e+00 2.000000000000000000e+00 1.000000000000000000e+00 1.544392980426351869e+00 4.096618672603247191e-04
3.200000000000000178e+00 2.000000000000000000e+00 1.000000000000000000e+00 1.592145880927724022e+00 4.194648340890561045e-04
3.399999999999999911e+00 2.000000000000000000e+00 1.000000000000000000e+00 1.640150076700491732e+00 4.393086247281852152e-04
3.600000000000000089e+00 2.000000000000000000e+00 1.000000000000000000e+00 1.694769392077717818e+00 4.406825592608853981e-04
3.799999999999999822e+00 2.000000000000000000e+00 1.000000000000000000e+00 1.747278068951926278e+00 3.876818710502050180e-08
4.000000000000000000e+00 2.000000000000000000e+00 1.000000000000000000e+00 1.798863194230789775e+00 4.535747674272450070e-04
