0.000000000000000000e+00 0.000000000000000000e+00 1.000000000000000000e+00 1.381302470658022363e+00 4.766344011786216583e-04
2.000000000000000111e-01 0.000000000000000000e+00 1.000000000000000000e+00 1.384959086084133206e+00 4.887916635827327383e-04
4.000000000000000222e-01 0.000000000000000000e+00 1.000000000000000000e+00 1.394100593426097046e+00 4.906650949567659126e-04
5.999999999999999778e-01 0.000000000000000000e+00 1.000000000000000000e+00 1.409001406076533680e+00 2.199537498182024819e-04
8.000000000000000444e-01 0.000000000000000000e+00 1.000000000000000000e+00 1.431251314290978183e+00 5.367399586294618885e-04
1.000000000000000000e+00 0.000000000000000000e+00 1.000000000000000000e+00 1.449070738282249859e+00 5.056089154140686048e-04
1.199999999999999956e+00 0.000000000000000000e+00 1.000000000000000000e+00 1.474909427469907053e+00 5.698111355845192350e-04
1.399999999999999911e+00 0.000000000000000000e+00 1.000000000000000000e+00 1.508176866024034668e+00 5.649717753978267254e-04
1.600000000000000089e+00 0.000000000000000000e+00 1.000000000000000000e+00 1.535165751827180625e+00 5.685856853915316478e-04
1.800000000000000044e+00 0.000000000000000000e+00 1.000000000000000000e+00 1.569628363654330672e+00 6.156541095551082421e-04
2.000000000000000000e+00 0.000000000000000000e+00 1.000000000000000000e+00 1.610843482938713489e+00 5.325754267818672005e-04
2.200000000000000178e+00 0.000000000000000000e+00 1.000000000000000000e+00 1.648895048920432371e+00 6.829057701163154803e-05
2.399999999999999911e+00 0.000000000000000000e+00 1.000000000000000000e+00 1.691851841107552268e+00 5.975261130959363953e-04
2.600000000000000089e+00 0.000000000000000000e+00 1.000000000000000000e+00 1.739994790453685436e+00 1.126145748486795384e-04
2.799999999999999822e+00 0.000000000000000000e+00 1.000000000000000000e+00 1.783775589605400391e+00 6.966353609964004434e-04
3.000000000000000000e+00 0.000000000000000000e+00 1.000000000000000000e+00 1.835520975221668349e+00 1.482714439966725806e-03
3.200000000000000178e+00 0.000000000000000000e+00 1.000000000000000000e+00 1.899474406774520618e+00 5.468703866828850124e-04
3.399999999999999911e+00 0.000000000000000000e+00 1.000000000000000000e+00 1.953604776019691069e+00 8.023665792992185075e-04
3.600000000000000089e+00 0.000000000000000000e+00 1.000000000000000000e+00 2.017328014378181322e+00 5.512656109374347579e-09
3.799999999999999822e+00 0.000000000000000000e+00 1.000000000000000000e+00 2.097028644973986999e+00 7.221005921249634696e-04
4.000000000000000000e+00 0.000000000000000000e+00 1.000000000000000000e+00 2.145859234229097190e+00 4.100679028538056770e-04
