0.000000000000000000e+00 1.000000000000000000e+00 3.000000000000000000e+00 9.082876388239335963e-01 2.962201336778380600e-02
2.000000000000000111e-01 1.000000000000000000e+00 3.000000000000000000e+00 9.064131819430493175e-01 3.001876634382699693e-02
4.000000000000000222e-01 1.000000000000000000e+00 3.000000000000000000e+00 9.154823999903610732e-01 3.005864079159203950e-02
5.999999999999999778e-01 1.000000000000000000e+00 3.000000000000000000e+00 9.254162905870944034e-01 3.008065858841696416e-02
8.000000000000000444e-01 1.000000000000000000e+00 3.000000000000000000e+00 9.422841021545369511e-01 2.944324604919251742e-02
1.000000000000000000e+00 1.000000000000000000e+00 3.000000000000000000e+00 9.992410439208249118e-01 2.357090970009273478e-02
1.199999999999999956e+00 1.000000000000000000e+00 3.000000000000000000e+00 9.870075329545424658e-01 2.913996297403270708e-02
1.399999999999999911e+00 1.000000000000000000e+00 3.000000000000000000e+00 1.011166345062611827e+00 2.959346467084483789e-02
1.600000000000000089e+00 1.000000000000000000e+00 3.000000000000000000e+00 1.035622756992424343e+00 4.555393297580456746e-02
1.800000000000000044e+00 1.000000000000000000e+00 3.000000000000000000e+00 1.076721132059478947e+00 1.998002783009433792e-02
2.000000000000000000e+00 1.000000000000000000e+00 3.000000000000000000e+00 1.112377980780783204e+00 2.885017340602646918e-02
2.200000000000000178e+00 1.000000000000000000e+00 3.000000000000000000e+00 1.148077236263557843e+00 2.882424154503215874e-02
2.399999999999999911e+00 1.000000000000000000e+00 3.000000000000000000e+00 1.188952930970465616e+00 2.907329991469420616e-02
2.600000000000000089e+00 1.000000000000000000e+00 3.000000000000000000e+00 1.224841589093801364e+00 2.877953816028577805e-02
2.799999999999999822e+00 1.000000000000000000e+00 3.000000000000000000e+00 1.266530232769625286e+00 2.906579274215193021e-02
3.000000000000000000e+00 1.000000000000000000e+00 3.000000000000000000e+00 1.311526057890061825e+00 2.655463654676137875e-02
3.200000000000000178e+00 1.000000000000000000e+00 3.000000000000000000e+00 1.355882172247226958e+00 2.785093033826746556e-02
3.399999999999999911e+00 1.000000000000000000e+00 3.000000000000000000e+00 1.403855999064593352e+00 2.670641709140297859e-02
3.600000000000000089e+00 1.000000000000000000e+00 3.000000000000000000e+00 1.445752448468918816e+00 3.065972902196723027e-02
3.799999999999999822e+00 1.000000000000000000e+00 3.000000000000000000e+00 1.491523584151569493e+00 2.814912234308830641e-02
4.000000000000000000e+00 1.000000000000000000e+00 3.000000000000000000e+00 1.533146027203354800e+00 3.006125277920101979e-02
