0.000000000000000000e+00 2.000000000000000000e+00 3.000000000000000000e+00 8.991139183563701121e-01 3.392006362556931887e-02
2.000000000000000111e-01 2.000000000000000000e+00 3.000000000000000000e+00 8.975074744621830414e-01 3.497316903262853716e-02
4.000000000000000222e-01 2.000000000000000000e+00 3.000000000000000000e+00 9.103395274501629997e-01 3.416277673595619069e-02
5.999999999999999778e-01 2.000000000000000000e+00 3.000000000000000000e+00 9.233654053448403509e-01 3.414047428950878205e-02
8.000000000000000444e-01 2.000000000000000000e+00 3.000000000000000000e+00 9.370152226626199399e-01 3.435720528504493387e-02
1.000000000000000000e+00 2.000000000000000000e+00 3.000000000000000000e+00 9.612614554446968773e-01 3.378959420771265876e-02
1.199999999999999956e+00 2.000000000000000000e+00 3.000000000000000000e+00 9.993763752428869163e-01 3.063407043882604430e-02
1.399999999999999911e+00 2.000000000000000000e+00 3.000000000000000000e+00 1.026865637389374752e+00 3.241650700860737588e-02
1.600000000000000089e+00 2.000000000000000000e+00 3.000000000000000000e+00 1.058541870291362930e+00 3.240033207731451981e-02
1.800000000000000044e+00 2.000000000000000000e+00 3.000000000000000000e+00 1.086714061643239138e+00 3.309046169796769910e-02
2.000000000000000000e+00 2.000000000000000000e+00 3.000000000000000000e+00 1.125723459065162579e+00 3.287762857661413740e-02
2.200000000000000178e+00 2.000000000000000000e+00 3.000000000000000000e+00 1.170152559185916985e+00 3.220315256819594740e-02
2.399999999999999911e+00 2.000000000000000000e+00 3.000000000000000000e+00 1.212379568603141333e+00 3.183594666662903361e-02
2.600000000000000089e+00 2.000000000000000000e+00 3.000000000000000000e+00 1.254869452733440749e+00 3.243357729549056767e-02
2.799999999999999822e+00 2.000000000000000000e+00 3.000000000000000000e+00 1.292369810416639897e+00 2.989976482113543277e-02
3.000000000000000000e+00 2.000000000000000000e+00 3.000000000000000000e+00 1.345734988341753979e+00 2.936987265532187141e-02
3.200000000000000178e+00 2.000000000000000000e+00 3.000000000000000000e+00 1.394647847334903323e+00 3.318818935430434269e-02
3.399999999999999911e+00 2.000000000000000000e+00 3.000000000000000000e+00 1.445092134588587651e+00 3.327032843718003008e-02
3.600000000000000089e+00 2.000000000000000000e+00 3.000000000000000000e+00 1.489794608333482318e+00 3.420289545811638909e-02
3.799999999999999822e+00 2.000000000000000000e+00 3.000000000000000000e+00 1.544199616611714898e+00 3.448950773355363708e-02
4.000000000000000000e+00 2.000000000000000000e+00 3.000000000000000000e+00 1.594540913942213978e+00 3.414241135883311351e-02
