0.000000000000000000e+00 3.000000000000000000e+00 2.000000000000000000e+00 1.443865929929365466e+00 5.003890015300438421e-04
2.000000000000000111e-01 3.000000000000000000e+00 2.000000000000000000e+00 1.442663504269094510e+00 5.397517482158553648e-04
4.000000000000000222e-01 3.000000000000000000e+00 2.000000000000000000e+00 1.450445857373291458e+00 2.396858372735177767e-04
5.999999999999999778e-01 3.000000000000000000e+00 2.000000000000000000e+00 1.465294152766942748e+00 2.597010546784295215e-04
8.000000000000000444e-01 3.000000000000000000e+00 2.000000000000000000e+00 1.480973876248623089e+00 2.875799020516378590e-04
1.000000000000000000e+00 3.000000000000000000e+00 2.000000000000000000e+00 1.503865491482773820e+00 5.248881443640218691e-04
1.199999999999999956e+00 3.000000000000000000e+00 2.000000000000000000e+00 1.533854459423360073e+00 5.254058184334109427e-04
1.399999999999999911e+00 3.000000000000000000e+00 2.000000000000000000e+00 1.563901391411665065e+00 5.334799779743715220e-04
1.600000000000000089e+00 3.000000000000000000e+00 2.000000000000000000e+00 1.600820147283131156e+00 5.539280443517258234e-04
1.800000000000000044e+00 3.000000000000000000e+00 2.000000000000000000e+00 1.643787528592571823e+00 5.578962446510793427e-04
2.000000000000000000e+00 3.000000000000000000e+00 2.000000000000000000e+00 1.692564528100329202e+00 7.909776906478427350e-04
2.200000000000000178e+00 3.000000000000000000e+00 2.000000000000000000e+00 1.739002567327180948e+00 5.689078068176200986e-04
2.399999999999999911e+00 3.000000000000000000e+00 2.000000000000000000e+00 1.780477918150984884e+00 2.452205058489642653e-04
2.600000000000000089e+00 3.000000000000000000e+00 2.000000000000000000e+00 1.832090554606222277e+00 6.437721902837756360e-04
2.799999999999999822e+00 3.000000000000000000e+00 2.000000000000000000e+00 1.888901644281562042e+00 6.079931120708259584e-04
3.000000000000000000e+00 3.000000000000000000e+00 2.000000000000000000e+00 1.942471342466534523e+00 6.281306291415766907e-04
3.200000000000000178e+00 3.000000000000000000e+00 2.000000000000000000e+00 1.998496964991073321e+00 6.178952413720129044e-04
3.399999999999999911e+00 3.000000000000000000e+00 2.000000000000000000e+00 2.040881499739202631e+00 4.711149844294215683e-04
3.600000000000000089e+00 3.000000000000000000e+00 2.000000000000000000e+00 2.104470470356764711e+00 4.431673908198430212e-04
3.799999999999999822e+00 3.000000000000000000e+00 2.000000000000000000e+00 2.172884288388030161e+00 6.308042636500310607e-04
4.000000000000000000e+00 3.000000000000000000e+00 2.000000000000000000e+00 2.224891392965408610e+00 2.706158978518224956e-03
