0.000000000000000000e+00 1.000000000000000000e+00 5.000000000000000000e+00 9.769366292301395749e-01 9.504845237540138214e-06
2.000000000000000111e-01 1.000000000000000000e+00 5.000000000000000000e+00 9.323406086707669571e-01 5.901023359108914512e-04
4.000000000000000222e-01 1.000000000000000000e+00 5.000000000000000000e+00 9.411428111354147585e-01 4.098450455256030800e-04
5.999999999999999778e-01 1.000000000000000000e+00 5.000000000000000000e+00 9.574779278895234613e-01 5.343209560029760219e-04
8.000000000000000444e-01 1.000000000000000000e+00 5.000000000000000000e+00 9.639089484675045227e-01 5.703020230568567328e-04
1.000000000000000000e+00 1.000000000000000000e+00 5.000000000000000000e+00 9.744920159397096882e-01 6.097887846107097332e-04
1.199999999999999956e+00 1.000000000000000000e+00 5.000000000000000000e+00 9.940115032674295970e-01 6.047939377715194631e-04
1.399999999999999911e+00 1.000000000000000000e+00 5.000000000000000000e+00 1.013891278065454760e+00 6.654238440406690103e-04
1.600000000000000089e+00 1.000000000000000000e+00 5.000000000000000000e+00 1.030551920180020176e+00 3.884115291286072136e-06
1.800000000000000044e+00 1.000000000000000000e+00 5.000000000000000000e+00 1.080178052416981949e+00 6.484966966660010712e-04
2.000000000000000000e+00 1.000000000000000000e+00 5.000000000000000000e+00 1.106994850462267310e+00 6.814941311792388490e-04
2.200000000000000178e+00 1.000000000000000000e+00 5.000000000000000000e+00 1.142192558295317406e+00 7.048136622487266578e-04
2.399999999999999911e+00 1.000000000000000000e+00 5.000000000000000000e+00 1.179176734743783150e+00 5.180306516459065591e-04
2.600000000000000089e+00 1.000000000000000000e+00 5.000000000000000000e+00 1.213799596267354231e+00 7.237718480764820939e-04
2.799999999999999822e+00 1.000000000000000000e+00 5.000000000000000000e+00 1.247343592665882683e+00 5.556170730207643516e-04
3.000000000000000000e+00 1.000000000000000000e+00 5.000000000000000000e+00 1.286112212091930385e+00 5.813484898840037829e-04
3.200000000000000178e+00 1.000000000000000000e+00 5.000000000000000000e+00 1.324843446353665577e+00 8.441022498417716236e-04
3.399999999999999911e+00 1.000000000000000000e+00 5.000000000000000000e+00 1.366311278364336523e+00 9.134569599988928701e-04
3.600000000000000089e+00 1.000000000000000000e+00 5.000000000000000000e+00 1.403012344374398701e+00 7.229414675384848721e-04
3.799999999999999822e+00 1.000000000000000000e+00 5.000000000000000000e+00 1.454357686645996184e+00 2.367742810704953627e-04
4.000000000000000000e+00 1.000000000000000000e+00 5.000000000000000000e+00 1.490455643434158706e+00 9.303243393448124010e-04
