0.000000000000000000e+00 0.000000000000000000e+00 6.000000000000000000e+00 1.613995523879534932e+00 1.248478928683738332e-06
2.000000000000000111e-01 0.000000000000000000e+00 6.000000000000000000e+00 1.616988927527085451e+00 6.120072704247636608e-04
4.000000000000000222e-01 0.000000000000000000e+00 6.000000000000000000e+00 1.631222735493520037e+00 1.143012175282343001e-03
5.999999999999999778e-01 0.000000000000000000e+00 6.000000000000000000e+00 1.665764661379322664e+00 1.037504490016050163e-03
8.000000000000000444e-01 0.000000000000000000e+00 6.000000000000000000e+00 1.693104480873809381e+00 8.914518002001159402e-05
1.000000000000000000e+00 0.000000000000000000e+00 6.000000000000000000e+00 1.742008643115882105e+00 1.499055817499872489e-04
1.199999999999999956e+00 0.000000000000000000e+00 6.000000000000000000e+00 1.792567227802345231e+00 1.014606407460316717e-03
1.399999999999999911e+00 0.000000000000000000e+00 6.000000000000000000e+00 1.834749928161692356e+00 8.983117564845821690e-04
1.600000000000000089e+00 0.000000000000000000e+00 6.000000000000000000e+00 1.884230811735125855e+00 8.884110130030764552e-04
1.800000000000000044e+00 0.000000000000000000e+00 6.000000000000000000e+00 1.932884103204540738e+00 9.788398897808692212e-04
2.000000000000000000e+00 0.000000000000000000e+00 6.000000000000000000e+00 1.997604355797465425e+00 9.155675425045473048e-04
2.200000000000000178e+00 0.000000000000000000e+00 6.000000000000000000e+00 2.054959925837210655e+00 9.408038484690628422e-04
2.399999999999999911e+00 0.000000000000000000e+00 6.000000000000000000e+00 2.121549066733456890e+00 9.479887884771276418e-04
2.600000000000000089e+00 0.000000000000000000e+00 6.000000000000000000e+00 2.189090095780684919e+00 8.518382809057367666e-04
2.799999999999999822e+00 0.000000000000000000e+00 6.000000000000000000e+00 2.256507934111723124e+00 4.462293196748623458e-03
3.000000000000000000e+00 0.000000000000000000e+00 6.000000000000000000e+00 2.308031693805994156e+00 9.332788126781288440e-04
3.200000000000000178e+00 0.000000000000000000e+00 6.000000000000000000e+00 2.381917373918088110e+00 9.096559745100929462e-04
3.399999999999999911e+00 0.000000000000000000e+00 6.000000000000000000e+00 2.467847267711261061e+00 8.226159137336708227e-04
3.600000000000000089e+00 0.000000000000000000e+00 6.000000000000000000e+00 2.529585072613664831e+00 8.423011937863655874e-04
3.799999999999999822e+00 0.000000000000000000e+00 6.000000000000000000e+00 2.596821522724088727e+00 8.483102564995625983e-04
4.000000000000000000e+00 0.000000000000000000e+00 6.000000000000000000e+00 2.660394627225103115e+00 9.375327826299795220e-04
