0.000000000000000000e+00 3.000000000000000000e+00 1.000000000000000000e+00 1.205096236235461138e+00 4.076806698652124528e-02
2.000000000000000111e-01 3.000000000000000000e+00 1.000000000000000000e+00 1.211150749940914206e+00 3.668841697272495761e-02
4.000000000000000222e-01 3.000000000000000000e+00 1.000000000000000000e+00 1.217712265793868376e+00 3.920965845079837919e-02
5.999999999999999778e-01 3.000000000000000000e+00 1.000000000000000000e+00 1.226956733170586622e+00 3.935768637295078420e-02
8.000000000000000444e-01 3.000000000000000000e+00 1.000000000000000000e+00 1.242091321576010543e+00 3.613872424889141843e-02
1.000000000000000000e+00 3.000000000000000000e+00 1.000000000000000000e+00 1.258511107391009354e+00 3.598352705820784259e-02
1.199999999999999956e+00 3.000000000000000000e+00 1.000000000000000000e+00 1.280098867029265008e+00 3.837850047344992799e-02
1.399999999999999911e+00 3.000000000000000000e+00 1.000000000000000000e+00 1.305912030603862295e+00 3.860087160707781351e-02
1.600000000000000089e+00 3.000000000000000000e+00 1.000000000000000000e+00 1.332620927815608258e+00 4.746965202233133230e-02
1.800000000000000044e+00 3.000000000000000000e+00 1.000000000000000000e+00 1.362412415084665041e+00 3.954142178850417189e-02
2.000000000000000000e+00 3.000000000000000000e+00 1.000000000000000000e+00 1.407460674075254214e+00 5.038582079386511037e-02
2.200000000000000178e+00 3.000000000000000000e+00 1.000000000000000000e+00 1.421633605381754650e+00 1.754767580942473426e-01
2.399999999999999911e+00 3.000000000000000000e+00 1.000000000000000000e+00 1.461048080869127741e+00 4.931152132559013523e-02
2.600000000000000089e+00 3.000000000000000000e+00 1.000000000000000000e+00 1.510981804618980018e+00 4.783057802047130380e-02
2.799999999999999822e+00 3.000000000000000000e+00 1.000000000000000000e+00 1.564707149851464862e+00 4.221240680388038680e-02
3.000000000000000000e+00 3.000000000000000000e+00 1.000000000000000000e+00 1.612512273241413219e+00 4.182938471945019110e-02
3.200000000000000178e+00 3.000000000000000000e+00 1.000000000000000000e+00 1.657797753843524458e+00 4.255354525454757564e-02
3.399999999999999911e+00 3.000000000000000000e+00 1.000000000000000000e+00 1.704887808035774999e+00 2.284988265430776266e-03
3.600000000000000089e+00 3.000000000000000000e+00 1.000000000000000000e+00 1.750142085470598463e+00 1.718896073447184758e-01
3.799999999999999822e+00 3.000000000000000000e+00 1.000000000000000000e+00 1.801988519109710696e+00 4.658891315790381071e-02
4.000000000000000000e+00 3.000000000000000000e+00 1.000000000000000000e+00 1.860177559584507145e+00 4.534438188338874021e-02
