0.000000000000000000e+00 0.000000000000000000e+00 4.000000000000000000e+00 1.248786046104352065e+00 4.241693134196444781e-02
2.000000000000000111e-01 0.000000000000000000e+00 4.000000000000000000e+00 1.229452866458255578e+00 4.684915480415163813e-02
4.000000000000000222e-01 0.000000000000000000e+00 4.000000000000000000e+00 1.247306935191929700e+00 5.374384242123741995e-02
5.999999999999999778e-01 0.000000000000000000e+00 4.000000000000000000e+00 1.254055483951008743e+00 4.919166127720497883e-02
8.000000000000000444e-01 0.000000000000000000e+00 4.000000000000000000e+00 1.255303406584705739e+00 5.189723006654956006e-02
1.000000000000000000e+00 0.000000000000000000e+00 4.000000000000000000e+00 1.273590549899439761e+00 5.694560383471825027e-02
1.199999999999999956e+00 0.000000000000000000e+00 4.000000000000000000e+00 1.301463045767117688e+00 6.254412828931055213e-02
1.399999999999999911e+00 0.000000000000000000e+00 4.000000000000000000e+00 1.315583025097050163e+00 4.870658687696149958e-02
1.600000000000000089e+00 0.000000000000000000e+00 4.000000000000000000e+00 1.269350715686563102e+00 7.201914115633756275e-02
1.800000000000000044e+00 0.000000000000000000e+00 4.000000000000000000e+00 1.386371675465388753e+00 1.446089049083643108e-02
2.000000000000000000e+00 0.000000000000000000e+00 4.000000000000000000e+00 1.398156858460251506e+00 4.995364093949605788e-02
2.200000000000000178e+00 0.000000000000000000e+00 4.000000000000000000e+00 1.420966383748011319e+00 1.354633375419453944e-01
2.399999999999999911e+00 0.000000000000000000e+00 4.000000000000000000e+00 1.492499991032449902e+00 3.171524746655474125e-02
2.600000000000000089e+00 0.000000000000000000e+00 4.000000000000000000e+00 1.518244526789144899e+00 3.607310270982910794e-02
2.799999999999999822e+00 0.000000000000000000e+00 4.000000000000000000e+00 1.562552906655620966e+00 5.004949216779874810e-02
3.000000000000000000e+00 0.000000000000000000e+00 4.000000000000000000e+00 1.599565436906746463e+00 5.870170190173595870e-02
3.200000000000000178e+00 0.000000000000000000e+00 4.000000000000000000e+00 1.649829728030958176e+00 4.973179585428777472e-02
3.399999999999999911e+00 0.000000000000000000e+00 4.000000000000000000e+00 1.696672399737376047e+00 1.445230333364955211e-01
3.600000000000000089e+00 0.000000000000000000e+00 4.000000000000000000e+00 1.736472465584767422e+00 5.352758168596594146e-02
3.799999999999999822e+00 0.000000000000000000e+00 4.000000000000000000e+00 1.775058291294385082e+00 5.478611597803861866e-02
4.000000000000000000e+00 0.000000000000000000e+00 4.000000000000000000e+00 1.822756628622794750e+00 5.603810278158483094e-02
