0.000000000000000000e+00 2.000000000000000000e+00 0.000000000000000000e+00 1.143162736800773516e+00 5.050229592056254546e-04
2.000000000000000111e-01 2.000000000000000000e+00 0.000000000000000000e+00 1.144524943739622547e+00 5.018960514826531494e-04
4.000000000000000222e-01 2.000000000000000000e+00 0.000000000000000000e+00 1.154986448989901326e+00 4.995984109945617035e-04
5.999999999999999778e-01 2.000000000000000000e+00 0.000000000000000000e+00 1.169055364567602728e+00 3.298051177713645643e-06
8.000000000000000444e-01 2.000000000000000000e+00 0.000000000000000000e+00 1.187947010652164348e+00 4.985905344719876453e-04
1.000000000000000000e+00 2.000000000000000000e+00 0.000000000000000000e+00 1.204566762082966980e+00 4.982479241690818128e-04
1.199999999999999956e+00 2.000000000000000000e+00 0.000000000000000000e+00 1.225909732649006045e+00 4.975803330165007310e-04
1.399999999999999911e+00 2.000000000000000000e+00 0.000000000000000000e+00 1.059527045541226453e+00 3.654090472960613845e-03
1.600000000000000089e+00 2.000000000000000000e+00 0.000000000000000000e+00 1.288042439873804845e+00 4.865173514811971245e-04
1.800000000000000044e+00 2.000000000000000000e+00 0.000000000000000000e+00 1.318346879495639445e+00 4.901131264782865316e-04
2.000000000000000000e+00 2.000000000000000000e+00 0.000000000000000000e+00 1.353269650541099711e+00 4.936090363740763820e-04
2.200000000000000178e+00 2.000000000000000000e+00 0.000000000000000000e+00 1.392411135119694388e+00 2.015294767474529181e-04
2.399999999999999911e+00 2.000000000000000000e+00 0.000000000000000000e+00 1.429620319402059581e+00 5.081176116241703511e-04
2.600000000000000089e+00 2.000000000000000000e+00 0.000000000000000000e+00 1.444694783588840181e+00 7.338123759148551528e-04
2.799999999999999822e+00 2.000000000000000000e+00 0.000000000000000000e+00 1.473047989611022235e+00 1.039917519823019276e-03
3.000000000000000000e+00 2.000000000000000000e+00 0.000000000000000000e+00 1.510735247905478085e+00 8.609540584089137027e-04
3.200000000000000178e+00 2.000000000000000000e+00 0.000000000000000000e+00 1.554073031334877175e+00 9.281855470061328717e-04
3.399999999999999911e+00 2.000000000000000000e+00 0.000000000000000000e+00 1.605371817688502345e+00 8.909319008387761585e-04
3.600000000000000089e+00 2.000000000000000000e+00 0.000000000000000000e+00 1.633458867458714270e+00 1.117593071694455986e-03
3.799999999999999822e+00 2.000000000000000000e+00 0.000000000000000000e+00 1.682240660862791559e+00 2.085039305333769022e-03
4.000000000000000000e+00 2.000000000000000000e+00 0.000000000000000000e+00 1.702377206523655317e+00 1.833912935027215418e-03
