0.000000000000000000e+00 3.000000000000000000e+00 4.000000000000000000e+00 1.273329547240855231e+00 4.414245045124620681e-02
2.000000000000000111e-01 3.000000000000000000e+00 4.000000000000000000e+00 1.276780020335777532e+00 4.408105274430862419e-02
4.000000000000000222e-01 3.000000000000000000e+00 4.000000000000000000e+00 1.283126359939525951e+00 4.708144833761196413e-02
5.999999999999999778e-01 3.000000000000000000e+00 4.000000000000000000e+00 1.300854575390727463e+00 4.308206906960654337e-02
8.000000000000000444e-01 3.000000000000000000e+00 4.000000000000000000e+00 1.296068246891745046e+00 3.559987389938934488e-02
1.000000000000000000e+00 3.000000000000000000e+00 4.000000000000000000e+00 1.317426806273865880e+00 5.675448592758070010e-02
1.199999999999999956e+00 3.000000000000000000e+00 4.000000000000000000e+00 1.372319793661054721e+00 2.711033690894337767e-02
1.399999999999999911e+00 3.000000000000000000e+00 4.000000000000000000e+00 1.379977493329359595e+00 1.473789534233993503e-02
1.600000000000000089e+00 3.000000000000000000e+00 4.000000000000000000e+00 1.390199149353728014e+00 8.883937505981653882e-02
1.800000000000000044e+00 3.000000000000000000e+00 4.000000000000000000e+00 1.425965557057718325e+00 4.437062432994420824e-02
2.000000000000000000e+00 3.000000000000000000e+00 4.000000000000000000e+00 1.460906564104598626e+00 4.354853408530623415e-02
2.200000000000000178e+00 3.000000000000000000e+00 4.000000000000000000e+00 1.508195308501347753e+00 4.179474302484575965e-02
2.399999999999999911e+00 3.000000000000000000e+00 4.000000000000000000e+00 1.560786470561405626e+00 3.695576241001663487e-02
2.600000000000000089e+00 3.000000000000000000e+00 4.000000000000000000e+00 1.587589678729780518e+00 4.211752035041094189e-02
2.799999999999999822e+00 3.000000000000000000e+00 4.000000000000000000e+00 1.623470946597897591e+00 4.372139771299643485e-02
3.000000000000000000e+00 3.000000000000000000e+00 4.000000000000000000e+00 1.658572157389665680e+00 4.468236599677100074e-02
3.200000000000000178e+00 3.000000000000000000e+00 4.000000000000000000e+00 1.716086953134206450e+00 4.294120753044006200e-02
3.399999999999999911e+00 3.000000000000000000e+00 4.000000000000000000e+00 1.774606083706923965e+00 3.990472739937223068e-02
3.600000000000000089e+00 3.000000000000000000e+00 4.000000000000000000e+00 1.815036183713780726e+00 4.302285572323782947e-02
3.799999999999999822e+00 3.000000000000000000e+00 4.000000000000000000e+00 1.850447804010127317e+00 4.646897428148555331e-02
4.000000000000000000e+00 3.000000000000000000e+00 4.000000000000000000e+00 1.891974509995121956e+00 5.045913589350470296e-02
