0.000000000000000000e+00 3.000000000000000000e+00 8.000000000000000000e+00 2.246118714413516404e+00 9.432639154420607852e-03
2.000000000000000111e-01 3.000000000000000000e+00 8.000000000000000000e+00 2.276179657172568760e+00 9.797510624998118089e-03
4.000000000000000222e-01 3.000000000000000000e+00 8.000000000000000000e+00 2.445327870758915001e+00 5.012556331091433393e-03
5.999999999999999778e-01 3.000000000000000000e+00 8.000000000000000000e+00 2.432343445544383087e+00 3.645923901042902315e-03
8.000000000000000444e-01 3.000000000000000000e+00 8.000000000000000000e+00 2.514901152031733034e+00 2.918771901112560130e-03
1.000000000000000000e+00 3.000000000000000000e+00 8.000000000000000000e+00 2.528852968637080423e+00 4.283972915997802389e-03
1.199999999999999956e+00 3.000000000000000000e+00 8.000000000000000000e+00 2.546867922494517877e+00 4.265390219092557444e-03
1.399999999999999911e+00 3.000000000000000000e+00 8.000000000000000000e+00 2.538251859956577317e+00 8.647247968684768082e-03
1.600000000000000089e+00 3.000000000000000000e+00 8.000000000000000000e+00 2.625194652977940191e+00 1.927584010978478091e-03
1.800000000000000044e+00 3.000000000000000000e+00 8.000000000000000000e+00 2.618458391768740512e+00 4.514079473749488258e-03
2.000000000000000000e+00 3.000000000000000000e+00 8.000000000000000000e+00 2.768561372381523888e+00 2.512234992770201458e-03
2.200000000000000178e+00 3.000000000000000000e+00 8.000000000000000000e+00 2.892263883931881274e+00 3.855324391025316544e-03
2.399999999999999911e+00 3.000000000000000000e+00 8.000000000000000000e+00 3.011377189767622919e+00 6.167318208130767587e-03
2.600000000000000089e+00 3.000000000000000000e+00 8.000000000000000000e+00 3.128904565286443340e+00 6.253959501931971587e-03
2.799999999999999822e+00 3.000000000000000000e+00 8.000000000000000000e+00 3.217535405894786926e+00 4.383667870862706373e-02
3.000000000000000000e+00 3.000000000000000000e+00 8.000000000000000000e+00 3.372581049609173043e+00 6.681136660273701011e-03
3.200000000000000178e+00 3.000000000000000000e+00 8.000000000000000000e+00 3.478540035998867630e+00 6.476992767839639953e-03
3.399999999999999911e+00 3.000000000000000000e+00 8.000000000000000000e+00 3.616011551561495896e+00 7.630156814538047172e-03
3.600000000000000089e+00 3.000000000000000000e+00 8.000000000000000000e+00 3.669295515198072177e+00 6.115677190571267019e-02
3.799999999999999822e+00 3.000000000000000000e+00 8.000000000000000000e+00 3.844395946256362162e+00 5.086432984795052903e-03
4.000000000000000000e+00 3.000000000000000000e+00 8.000000000000000000e+00 3.926018082863225622e+00 5.942802149735126882e-02
