0.000000000000000000e+00 0.000000000000000000e+00 2.000000000000000000e+00 1.436051320855089131e+00 1.654892318405654095e-04
2.000000000000000111e-01 0.000000000000000000e+00 2.000000000000000000e+00 1.435951395416845244e+00 2.473629380687070167e-03
4.000000000000000222e-01 0.000000000000000000e+00 2.000000000000000000e+00 1.426503432568787533e+00 3.159133656461476924e-03
5.999999999999999778e-01 0.000000000000000000e+00 2.000000000000000000e+00 1.454217389215930467e+00 3.524961635355317036e-03
8.000000000000000444e-01 0.000000000000000000e+00 2.000000000000000000e+00 1.532414087055711693e+00 5.403307896826303747e-04
1.000000000000000000e+00 0.000000000000000000e+00 2.000000000000000000e+00 1.481235925315967261e+00 1.817555141394588958e-04
1.199999999999999956e+00 0.000000000000000000e+00 2.000000000000000000e+00 1.523306494872764816e+00 9.502952468642966721e-04
1.399999999999999911e+00 0.000000000000000000e+00 2.000000000000000000e+00 1.558079786847755832e+00 1.139469588266828204e-03
1.600000000000000089e+00 0.000000000000000000e+00 2.000000000000000000e+00 1.648781877379862371e+00 7.089441410416119638e-04
1.800000000000000044e+00 0.000000000000000000e+00 2.000000000000000000e+00 1.654468003204507820e+00 3.262053249706298175e-04
2.000000000000000000e+00 0.000000000000000000e+00 2.000000000000000000e+00 1.682067915450608631e+00 1.027759086550061873e-03
2.200000000000000178e+00 0.000000000000000000e+00 2.000000000000000000e+00 1.746345076437076926e+00 6.183635136514098463e-04
2.399999999999999911e+00 0.000000000000000000e+00 2.000000000000000000e+00 1.771486714647503291e+00 1.704937952491714093e-03
2.600000000000000089e+00 0.000000000000000000e+00 2.000000000000000000e+00 1.829084893682387802e+00 1.710548166098946332e-03
2.799999999999999822e+00 0.000000000000000000e+00 2.000000000000000000e+00 1.886089612002505023e+00 1.759639835232307270e-03
3.000000000000000000e+00 0.000000000000000000e+00 2.000000000000000000e+00 1.956734754235857077e+00 7.253831152368439561e-04
3.200000000000000178e+00 0.000000000000000000e+00 2.000000000000000000e+00 2.018095300422374727e+00 7.770199262457921918e-05
3.399999999999999911e+00 0.000000000000000000e+00 2.000000000000000000e+00 2.086323740360227941e+00 6.830739377927663725e-05
3.600000000000000089e+00 0.000000000000000000e+00 2.000000000000000000e+00 2.138815689817441967e+00 1.057899723715838292e-03
3.799999999999999822e+00 0.000000000000000000e+00 2.000000000000000000e+00 2.211608867069437601e+00 2.475425924537422162e-04
4.000000000000000000e+00 0.000000000000000000e+00 2.000000000000000000e+00 2.275120117477469339e+00 5.017217723579658895e-04
