0.000000000000000000e+00 0.000000000000000000e+00 7.000000000000000000e+00 1.641539120842936406e+00 7.004280512626914756e-04
2.000000000000000111e-01 0.000000000000000000e+00 7.000000000000000000e+00 1.666760105644578438e+00 1.540685570138311533e-03
4.000000000000000222e-01 0.000000000000000000e+00 7.000000000000000000e+00 1.656682795466674740e+00 1.770929279840460779e-03
5.999999999999999778e-01 0.000000000000000000e+00 7.000000000000000000e+00 1.658177494760049608e+00 2.346355001746625035e-03
8.000000000000000444e-01 0.000000000000000000e+00 7.000000000000000000e+00 1.688624365741097089e+00 2.329684759198036303e-03
1.000000000000000000e+00 0.000000000000000000e+00 7.000000000000000000e+00 1.723357445630373519e+00 1.610222930430449395e-03
1.199999999999999956e+00 0.000000000000000000e+00 7.000000000000000000e+00 1.752903974887510152e+00 2.158117079576360453e-03
1.399999999999999911e+00 0.000000000000000000e+00 7.000000000000000000e+00 1.801100711996967529e+00 1.476669945796205141e-03
1.600000000000000089e+00 0.000000000000000000e+00 7.000000000000000000e+00 1.805903227042806591e+00 1.808094172440433134e-03
1.800000000000000044e+00 0.000000000000000000e+00 7.000000000000000000e+00 1.853980325954293074e+00 1.653401296855316893e-03
2.000000000000000000e+00 0.000000000000000000e+00 7.000000000000000000e+00 1.900911425842053859e+00 1.599745623974468955e-03
2.200000000000000178e+00 0.000000000000000000e+00 7.000000000000000000e+00 1.940228044392134255e+00 1.621460780218630937e-03
2.399999999999999911e+00 0.000000000000000000e+00 7.000000000000000000e+00 1.972658837318340685e+00 1.954647192402569900e-03
2.600000000000000089e+00 0.000000000000000000e+00 7.000000000000000000e+00 2.020243444161731627e+00 1.810136838060527609e-03
2.799999999999999822e+00 0.000000000000000000e+00 7.000000000000000000e+00 2.072936806675206967e+00 1.993793615091776772e-03
3.000000000000000000e+00 0.000000000000000000e+00 7.000000000000000000e+00 2.149843936091409446e+00 1.932936910787441676e-03
3.200000000000000178e+00 0.000000000000000000e+00 7.000000000000000000e+00 2.205033963607664127e+00 1.851115943568792943e-03
3.399999999999999911e+00 0.000000000000000000e+00 7.000000000000000000e+00 2.273018209313058868e+00 7.266124158606945826e-04
3.600000000000000089e+00 0.000000000000000000e+00 7.000000000000000000e+00 2.343427804227884437e+00 1.795467416060958499e-03
3.799999999999999822e+00 0.000000000000000000e+00 7.000000000000000000e+00 2.420455091485556487e+00 8.027311581827678566e-03
4.000000000000000000e+00 0.000000000000000000e+00 7.000000000000000000e+00 2.494317186825671939e+00 1.692140034649458613e-03
