0.000000000000000000e+00 1.000000000000000000e+00 3.000000000000000000e+00 9.960586341605653926e-01 4.075943701531414831e-04
2.000000000000000111e-01 1.000000000000000000e+00 3.000000000000000000e+00 9.977916133264108645e-01 3.707246437681388507e-04
4.000000000000000222e-01 1.000000000000000000e+00 3.000000000000000000e+00 9.986857688963396429e-01 4.229281686707331289e-04
5.999999999999999778e-01 1.000000000000000000e+00 3.000000000000000000e+00 1.011495317063831223e+00 4.183796334539247042e-04
8.000000000000000444e-01 1.000000000000000000e+00 3.000000000000000000e+00 1.026840140064288587e+00 5.072456879751108261e-05
1.000000000000000000e+00 1.000000000000000000e+00 3.000000000000000000e+00 1.045526122442333339e+00 5.081229652481589198e-05
1.199999999999999956e+00 1.000000000000000000e+00 3.000000000000000000e+00 1.070018511629493130e+00 6.621660938344042791e-05
1.399999999999999911e+00 1.000000000000000000e+00 3.000000000000000000e+00 1.089098063416773066e+00 3.926539830485520355e-04
1.600000000000000089e+00 1.000000000000000000e+00 3.000000000000000000e+00 1.116762748050535992e+00 3.768007537818807151e-04
1.800000000000000044e+00 1.000000000000000000e+00 3.000000000000000000e+00 1.147222410510047030e+00 1.504422053607568088e-04
2.000000000000000000e+00 1.000000000000000000e+00 3.000000000000000000e+00 1.180205102464755740e+00 2.787827071979442906e-04
2.200000000000000178e+00 1.000000000000000000e+00 3.000000000000000000e+00 1.216852847229154655e+00 3.646214211450171661e-04
2.399999999999999911e+00 1.000000000000000000e+00 3.000000000000000000e+00 1.249124153134866688e+00 3.690239616884749552e-04
2.600000000000000089e+00 1.000000000000000000e+00 3.000000000000000000e+00 1.286024458916830149e+00 3.711613856479667461e-04
2.799999999999999822e+00 1.000000000000000000e+00 3.000000000000000000e+00 1.318273807718683521e+00 3.799508454963573811e-04
3.000000000000000000e+00 1.000000000000000000e+00 3.000000000000000000e+00 1.360784879370373179e+00 3.816799731073405866e-04
3.200000000000000178e+00 1.000000000000000000e+00 3.000000000000000000e+00 1.411614667170190796e+00 1.328401090208153335e-04
3.399999999999999911e+00 1.000000000000000000e+00 3.000000000000000000e+00 1.450469745467750204e+00 3.948264234436837938e-04
3.600000000000000089e+00 1.000000000000000000e+00 3.000000000000000000e+00 1.493174863980119671e+00 1.992200287151968396e-04
3.799999999999999822e+00 1.000000000000000000e+00 3.000000000000000000e+00 1.534445955986620369e+00 4.575845137066991697e-04
4.000000000000000000e+00 1.000000000000000000e+00 3.000000000000000000e+00 1.581550828767421812e+00 2.973340666331258930e-04
