0.000000000000000000e+00 1.000000000000000000e+00 0.000000000000000000e+00 1.048860875636980605e+00 1.986835848004409044e-03
2.000000000000000111e-01 1.000000000000000000e+00 0.000000000000000000e+00 1.190358799537829082e+00 4.937432056637547362e-04
4.000000000000000222e-01 1.000000000000000000e+00 0.000000000000000000e+00 1.194930612046698926e+00 4.998413998906769962e-04
5.999999999999999778e-01 1.000000000000000000e+00 0.000000000000000000e+00 1.209672323760502710e+00 4.969236538148180671e-04
8.000000000000000444e-01 1.000000000000000000e+00 0.000000000000000000e+00 1.221447002467208609e+00 4.999644686316528919e-04
1.000000000000000000e+00 1.000000000000000000e+00 0.000000000000000000e+00 1.247633989018044787e+00 5.027346193904325133e-04
1.199999999999999956e+00 1.000000000000000000e+00 0.000000000000000000e+00 1.279052131111537705e+00 5.017278233954147737e-04
1.399999999999999911e+00 1.000000000000000000e+00 0.000000000000000000e+00 1.312730298822306185e+00 4.955796932576417291e-04
1.600000000000000089e+00 1.000000000000000000e+00 0.000000000000000000e+00 1.349604964305474830e+00 5.494143293049980059e-04
1.800000000000000044e+00 1.000000000000000000e+00 0.000000000000000000e+00 1.388503820797499788e+00 7.621051292014957568e-04
2.000000000000000000e+00 1.000000000000000000e+00 0.000000000000000000e+00 1.425181171228272481e+00 4.960003287385328363e-04
2.200000000000000178e+00 1.000000000000000000e+00 0.000000000000000000e+00 1.463989554566371698e+00 5.015159826530224407e-04
2.399999999999999911e+00 1.000000000000000000e+00 0.000000000000000000e+00 1.508375827419263793e+00 5.481141004726186594e-04
2.600000000000000089e+00 1.000000000000000000e+00 0.000000000000000000e+00 1.557386779248672859e+00 5.199270983258230672e-04
2.799999999999999822e+00 1.000000000000000000e+00 0.000000000000000000e+00 1.606226638805416940e+00 5.228122484327579755e-04
3.000000000000000000e+00 1.000000000000000000e+00 0.000000000000000000e+00 1.653883720221074771e+00 5.270138860757889177e-04
3.200000000000000178e+00 1.000000000000000000e+00 0.000000000000000000e+00 1.704223833359892470e+00 5.351551891996653154e-04
3.399999999999999911e+00 1.000000000000000000e+00 0.000000000000000000e+00 1.758648533854112017e+00 5.428784322752955305e-04
3.600000000000000089e+00 1.000000000000000000e+00 0.000000000000000000e+00 1.814122993675696405e+00 5.699687992982704898e-04
3.799999999999999822e+00 1.000000000000000000e+00 0.000000000000000000e+00 1.868659716590658881e+00 1.466272666034162953e-04
4.000000000000000000e+00 1.000000000000000000e+00 0.000000000000000000e+00 1.929236594202637933e+00 5.678498197978498752e-04
