0.000000000000000000e+00 3.000000000000000000e+00 7.000000000000000000e+00 1.689389523062927001e+00 1.588064737978234220e-03
2.000000000000000111e-01 3.000000000000000000e+00 7.000000000000000000e+00 1.559237950252097438e+00 3.480986582180545241e-03
4.000000000000000222e-01 3.000000000000000000e+00 7.000000000000000000e+00 1.699057831597748924e+00 1.198336170451286264e-03
5.999999999999999778e-01 3.000000000000000000e+00 7.000000000000000000e+00 1.703064199987680993e+00 1.432651081820002226e-03
8.000000000000000444e-01 3.000000000000000000e+00 7.000000000000000000e+00 1.713552748091253353e+00 1.319141455951244879e-03
1.000000000000000000e+00 3.000000000000000000e+00 7.000000000000000000e+00 1.738860212395736404e+00 1.162714785662100070e-03
1.199999999999999956e+00 3.000000000000000000e+00 7.000000000000000000e+00 1.773603371676132356e+00 1.272376393120722149e-03
1.399999999999999911e+00 3.000000000000000000e+00 7.000000000000000000e+00 1.799762312664344055e+00 1.355495629202785324e-03
1.600000000000000089e+00 3.000000000000000000e+00 7.000000000000000000e+00 1.837591919557672870e+00 1.381800535086852300e-03
1.800000000000000044e+00 3.000000000000000000e+00 7.000000000000000000e+00 1.868935959838684102e+00 1.226525816922285905e-03
2.000000000000000000e+00 3.000000000000000000e+00 7.000000000000000000e+00 1.910402594175975466e+00 1.313249753129852593e-03
2.200000000000000178e+00 3.000000000000000000e+00 7.000000000000000000e+00 1.967080385306103185e+00 1.432375022933696229e-03
2.399999999999999911e+00 3.000000000000000000e+00 7.000000000000000000e+00 2.024807033154343738e+00 1.503872962486330067e-03
2.600000000000000089e+00 3.000000000000000000e+00 7.000000000000000000e+00 2.064617346695599487e+00 1.531638663792911359e-03
2.799999999999999822e+00 3.000000000000000000e+00 7.000000000000000000e+00 2.122901300134518277e+00 2.779088940307872235e-05
3.000000000000000000e+00 3.000000000000000000e+00 7.000000000000000000e+00 2.189488195435500106e+00 1.642895380145725781e-03
3.200000000000000178e+00 3.000000000000000000e+00 7.000000000000000000e+00 2.247413795136927295e+00 1.638526167378806520e-03
3.399999999999999911e+00 3.000000000000000000e+00 7.000000000000000000e+00 2.302105405080328460e+00 1.734795823595813857e-03
3.600000000000000089e+00 3.000000000000000000e+00 7.000000000000000000e+00 2.394241146938755893e+00 1.642028344900126058e-03
3.799999999999999822e+00 3.000000000000000000e+00 7.000000000000000000e+00 2.452543771958521468e+00 1.802431629297940319e-03
4.000000000000000000e+00 3.000000000000000000e+00 7.000000000000000000e+00 2.512614966409212780e+00 1.485047343985357315e-03
