0.000000000000000000e+00 1.000000000000000000e+00 1.000000000000000000e+00 1.012004675216051197e+00 3.056538129042718488e-02
2.000000000000000111e-01 1.000000000000000000e+00 1.000000000000000000e+00 1.015221136345652475e+00 3.090092032013319612e-02
4.000000000000000222e-01 1.000000000000000000e+00 1.000000000000000000e+00 1.025496451641025875e+00 3.019600010085915498e-02
5.999999999999999778e-01 1.000000000000000000e+00 1.000000000000000000e+00 1.031291817000923317e+00 3.088211696458198485e-02
8.000000000000000444e-01 1.000000000000000000e+00 1.000000000000000000e+00 1.049803093738232551e+00 3.089270174106595324e-02
1.000000000000000000e+00 1.000000000000000000e+00 1.000000000000000000e+00 1.071942637920399566e+00 2.782019235513166766e-02
1.199999999999999956e+00 1.000000000000000000e+00 1.000000000000000000e+00 1.052906277008468505e+00 8.393569628479813360e-04
1.399999999999999911e+00 1.000000000000000000e+00 1.000000000000000000e+00 1.126930255892215627e+00 3.027114009847897691e-02
1.600000000000000089e+00 1.000000000000000000e+00 1.000000000000000000e+00 1.162647303982011771e+00 3.046125534084365150e-02
1.800000000000000044e+00 1.000000000000000000e+00 1.000000000000000000e+00 1.197978178909687719e+00 3.079867414319936714e-02
2.000000000000000000e+00 1.000000000000000000e+00 1.000000000000000000e+00 1.238275682990959581e+00 2.390387130580484687e-02
2.200000000000000178e+00 1.000000000000000000e+00 1.000000000000000000e+00 1.286046442525831113e+00 2.777921603472033318e-02
2.399999999999999911e+00 1.000000000000000000e+00 1.000000000000000000e+00 1.334267492075216222e+00 2.876933071846465850e-02
2.600000000000000089e+00 1.000000000000000000e+00 1.000000000000000000e+00 1.379152235053205944e+00 3.115545396888519392e-02
2.799999999999999822e+00 1.000000000000000000e+00 1.000000000000000000e+00 1.429827696134347015e+00 3.172076392152556323e-02
3.000000000000000000e+00 1.000000000000000000e+00 1.000000000000000000e+00 1.477278693643647056e+00 3.260306800129608717e-02
3.200000000000000178e+00 1.000000000000000000e+00 1.000000000000000000e+00 1.531120383758312054e+00 3.196769014891431837e-02
3.399999999999999911e+00 1.000000000000000000e+00 1.000000000000000000e+00 1.586942333099814029e+00 3.225044499296947365e-02
3.600000000000000089e+00 1.000000000000000000e+00 1.000000000000000000e+00 1.642952144881520304e+00 3.259090194371006000e-02
3.799999999999999822e+00 1.000000000000000000e+00 1.000000000000000000e+00 1.699471484872308480e+00 3.257435927070706505e-02
4.000000000000000000e+00 1.000000000000000000e+00 1.000000000000000000e+00 1.757308473123878612e+00 1.585408128379428572e-02
