0.000000000000000000e+00 1.000000000000000000e+00 4.000000000000000000e+00 8.868660665308902846e-01 2.224873709783692366e-02
2.000000000000000111e-01 1.000000000000000000e+00 4.000000000000000000e+00 8.928602885784531207e-01 2.212630084731048719e-02
4.000000000000000222e-01 1.000000000000000000e+00 4.000000000000000000e+00 9.005343491570222403e-01 2.204606114491580726e-02
5.999999999999999778e-01 1.000000000000000000e+00 4.000000000000000000e+00 9.114378768645431395e-01 2.196039018671380738e-02
8.000000000000000444e-01 1.000000000000000000e+00 4.000000000000000000e+00 9.261477739173995527e-01 2.179129892293990567e-02
1.000000000000000000e+00 1.000000000000000000e+00 4.000000000000000000e+00 9.508476152121309033e-01 2.134330845324550197e-02
1.199999999999999956e+00 1.000000000000000000e+00 4.000000000000000000e+00 9.748168161767006845e-01 2.093372679487642829e-02
1.399999999999999911e+00 1.000000000000000000e+00 4.000000000000000000e+00 9.982373819884265975e-01 1.396636643963278246e-04
1.600000000000000089e+00 1.000000000000000000e+00 4.000000000000000000e+00 1.037464347970654011e+00 2.028199593652491028e-02
1.800000000000000044e+00 1.000000000000000000e+00 4.000000000000000000e+00 1.071926994173730829e+00 2.008991398561976727e-02
2.000000000000000000e+00 1.000000000000000000e+00 4.000000000000000000e+00 1.108379129709130551e+00 2.192748327301097255e-02
2.200000000000000178e+00 1.000000000000000000e+00 4.000000000000000000e+00 1.139232608967253757e+00 2.961812848882838800e-02
2.399999999999999911e+00 1.000000000000000000e+00 4.000000000000000000e+00 1.178280913302819366e+00 2.361477327933081405e-02
2.600000000000000089e+00 1.000000000000000000e+00 4.000000000000000000e+00 1.229044607516953214e+00 2.132606554715055225e-02
2.799999999999999822e+00 1.000000000000000000e+00 4.000000000000000000e+00 1.278924638193116303e+00 1.938908217322121708e-02
3.000000000000000000e+00 1.000000000000000000e+00 4.000000000000000000e+00 1.328865898550030122e+00 1.000736420718475461e-01
3.200000000000000178e+00 1.000000000000000000e+00 4.000000000000000000e+00 1.373956018418841518e+00 1.942353498061188954e-02
3.399999999999999911e+00 1.000000000000000000e+00 4.000000000000000000e+00 1.420748173798669356e+00 3.086043540595795331e-02
3.600000000000000089e+00 1.000000000000000000e+00 4.000000000000000000e+00 1.471363143707957732e+00 2.067174606766375433e-02
3.799999999999999822e+00 1.000000000000000000e+00 4.000000000000000000e+00 1.520835490194403228e+00 2.348697510117681020e-02
4.000000000000000000e+00 1.000000000000000000e+00 4.000000000000000000e+00 1.568041085585675898e+00 2.826026179475404909e-02
