0.000000000000000000e+00 2.000000000000000000e+00 5.000000000000000000e+00 8.712018867348347850e-01 4.503772009811640720e-02
2.000000000000000111e-01 2.000000000000000000e+00 5.000000000000000000e+00 8.856936960514910639e-01 4.294640428430640533e-02
4.000000000000000222e-01 2.000000000000000000e+00 5.000000000000000000e+00 8.959281351352194056e-01 4.205398884634309331e-02
5.999999999999999778e-01 2.000000000000000000e+00 5.000000000000000000e+00 9.054938103203202804e-01 3.151431799294945879e-02
8.000000000000000444e-01 2.000000000000000000e+00 5.000000000000000000e+00 1.005416144846009274e+00 2.240438583887005564e-04
1.000000000000000000e+00 2.000000000000000000e+00 5.000000000000000000e+00 9.343990529007134560e-01 3.180891499370758213e-02
1.199999999999999956e+00 2.000000000000000000e+00 5.000000000000000000e+00 9.675815562977013728e-01 3.951793439477097047e-02
1.399999999999999911e+00 2.000000000000000000e+00 5.000000000000000000e+00 1.005650817806184039e+00 3.609086592178506470e-02
1.600000000000000089e+00 2.000000000000000000e+00 5.000000000000000000e+00 1.020698068521431079e+00 3.044245931662720173e-02
1.800000000000000044e+00 2.000000000000000000e+00 5.000000000000000000e+00 1.054392408734553532e+00 3.934322189719963170e-02
2.000000000000000000e+00 2.000000000000000000e+00 5.000000000000000000e+00 1.033236962828936623e+00 6.339485140925388285e-02
2.200000000000000178e+00 2.000000000000000000e+00 5.000000000000000000e+00 1.123639395240302985e+00 3.721145892400690158e-02
2.399999999999999911e+00 2.000000000000000000e+00 5.000000000000000000e+00 1.154369846229568619e+00 3.929425923857998715e-02
2.600000000000000089e+00 2.000000000000000000e+00 5.000000000000000000e+00 1.195193407863392565e+00 3.840447172621308525e-02
2.799999999999999822e+00 2.000000000000000000e+00 5.000000000000000000e+00 1.227228036129220268e+00 4.228368417151040504e-02
3.000000000000000000e+00 2.000000000000000000e+00 5.000000000000000000e+00 1.263359166360406016e+00 4.275700929071479806e-02
3.200000000000000178e+00 2.000000000000000000e+00 5.000000000000000000e+00 1.300749017633829219e+00 4.472325752076877770e-02
3.399999999999999911e+00 2.000000000000000000e+00 5.000000000000000000e+00 1.335091895269193696e+00 3.701465103738543760e-02
3.600000000000000089e+00 2.000000000000000000e+00 5.000000000000000000e+00 1.372788688238805177e+00 5.006576477470603415e-02
3.799999999999999822e+00 2.000000000000000000e+00 5.000000000000000000e+00 1.423464290815581901e+00 3.914221443502619024e-02
4.000000000000000000e+00 2.000000000000000000e+00 5.000000000000000000e+00 1.465928860901540842e+00 1.625328950215106927e-01
