0.000000000000000000e+00 0.000000000000000000e+00 1.000000000000000000e+00 1.212293004235455829e+00 3.810379840499922288e-02
2.000000000000000111e-01 0.000000000000000000e+00 1.000000000000000000e+00 1.217097329530065331e+00 4.020208025623528414e-02
4.000000000000000222e-01 0.000000000000000000e+00 1.000000000000000000e+00 1.202514100787913653e+00 2.607031569424542172e-01
5.999999999999999778e-01 0.000000000000000000e+00 1.000000000000000000e+00 1.237213353669440741e+00 3.818783358538668793e-02
8.000000000000000444e-01 0.000000000000000000e+00 1.000000000000000000e+00 1.257950489709320774e+00 4.078205073310547935e-02
1.000000000000000000e+00 0.000000000000000000e+00 1.000000000000000000e+00 1.278183228546483807e+00 4.131035154801732112e-02
1.199999999999999956e+00 0.000000000000000000e+00 1.000000000000000000e+00 1.306243739173765794e+00 4.217875529826187186e-02
1.399999999999999911e+00 0.000000000000000000e+00 1.000000000000000000e+00 1.342573165189100859e+00 4.132632127362501073e-02
1.600000000000000089e+00 0.000000000000000000e+00 1.000000000000000000e+00 1.374093766513554415e+00 4.037181024514491234e-02
1.800000000000000044e+00 0.000000000000000000e+00 1.000000000000000000e+00 1.414215787921874856e+00 4.087498060902383656e-02
2.000000000000000000e+00 0.000000000000000000e+00 1.000000000000000000e+00 1.448063802703743352e+00 4.463530405298565817e-02
2.200000000000000178e+00 0.000000000000000000e+00 1.000000000000000000e+00 1.489277969816268365e+00 4.636984644915220777e-02
2.399999999999999911e+00 0.000000000000000000e+00 1.000000000000000000e+00 1.539873543330159134e+00 5.087427789501597353e-02
2.600000000000000089e+00 0.000000000000000000e+00 1.000000000000000000e+00 1.585984276504345258e+00 4.684715334365630035e-02
2.799999999999999822e+00 0.000000000000000000e+00 1.000000000000000000e+00 1.640260195536316079e+00 9.333578357251104407e-02
3.000000000000000000e+00 0.000000000000000000e+00 1.000000000000000000e+00 1.695216165341325576e+00 1.407397011336519732e-01
3.200000000000000178e+00 0.000000000000000000e+00 1.000000000000000000e+00 1.757527756492344828e+00 6.268452650443157026e-02
3.399999999999999911e+00 0.000000000000000000e+00 1.000000000000000000e+00 1.819915269880247877e+00 1.630397420082587701e-01
3.600000000000000089e+00 0.000000000000000000e+00 1.000000000000000000e+00 1.884318173688499964e+00 9.873797018650687374e-02
3.799999999999999822e+00 0.000000000000000000e+00 1.000000000000000000e+00 1.945849530592228538e+00 1.338210364310365996e-03
4.000000000000000000e+00 0.000000000000000000e+00 1.000000000000000000e+00 2.014567707301421873e+00 7.807481324146881008e-03
