0.000000000000000000e+00 3.000000000000000000e+00 3.000000000000000000e+00 1.476526946711907984e+00 7.814602169209372562e-04
2.000000000000000111e-01 3.000000000000000000e+00 3.000000000000000000e+00 1.466691485580717824e+00 9.202179636327301182e-04
4.000000000000000222e-01 3.000000000000000000e+00 3.000000000000000000e+00 1.481557212398811885e+00 1.016697633894336761e-03
5.999999999999999778e-01 3.000000000000000000e+00 3.000000000000000000e+00 1.491237949671768703e+00 8.868106777961681786e-04
8.000000000000000444e-01 3.000000000000000000e+00 3.000000000000000000e+00 1.542436740439782739e+00 6.738280081861613979e-04
1.000000000000000000e+00 3.000000000000000000e+00 3.000000000000000000e+00 1.548876954328324285e+00 8.671356964997656291e-04
1.199999999999999956e+00 3.000000000000000000e+00 3.000000000000000000e+00 1.575778414654546156e+00 9.584709278205316707e-04
1.399999999999999911e+00 3.000000000000000000e+00 3.000000000000000000e+00 1.626699610906178872e+00 7.071472312530913129e-04
1.600000000000000089e+00 3.000000000000000000e+00 3.000000000000000000e+00 1.672068286633175305e+00 6.184201990644400126e-04
1.800000000000000044e+00 3.000000000000000000e+00 3.000000000000000000e+00 1.704509076880618146e+00 7.769633350014348849e-04
2.000000000000000000e+00 3.000000000000000000e+00 3.000000000000000000e+00 1.758159648893969251e+00 5.707423549383694450e-04
2.200000000000000178e+00 3.000000000000000000e+00 3.000000000000000000e+00 1.795180182657481360e+00 6.000056450065072156e-04
2.399999999999999911e+00 3.000000000000000000e+00 3.000000000000000000e+00 1.846996520160190780e+00 6.687428033487208268e-04
2.600000000000000089e+00 3.000000000000000000e+00 3.000000000000000000e+00 1.909810018212749760e+00 2.553428821217007538e-04
2.799999999999999822e+00 3.000000000000000000e+00 3.000000000000000000e+00 1.965252484609145700e+00 5.165291802428084722e-04
3.000000000000000000e+00 3.000000000000000000e+00 3.000000000000000000e+00 2.026531209834531833e+00 6.120926801678194806e-04
3.200000000000000178e+00 3.000000000000000000e+00 3.000000000000000000e+00 2.077653610150857588e+00 5.108904057578023128e-04
3.399999999999999911e+00 3.000000000000000000e+00 3.000000000000000000e+00 2.152405649392521880e+00 7.779380864958440611e-05
3.600000000000000089e+00 3.000000000000000000e+00 3.000000000000000000e+00 2.216470481081653343e+00 5.021192256995377079e-04
3.799999999999999822e+00 3.000000000000000000e+00 3.000000000000000000e+00 2.269792264577181751e+00 5.553445289439018495e-04
4.000000000000000000e+00 3.000000000000000000e+00 3.000000000000000000e+00 2.335150830365376073e+00 5.545314568007331246e-04
