0.000000000000000000e+00 2.000000000000000000e+00 8.000000000000000000e+00 1.219235064735589180e+00 6.915814105050266392e-03
2.000000000000000111e-01 2.000000000000000000e+00 8.000000000000000000e+00 1.189937351427793999e+00 7.881055061583097654e-03
4.000000000000000222e-01 2.000000000000000000e+00 8.000000000000000000e+00 1.238279261389930053e+00 1.284338475674107194e-02
5.999999999999999778e-01 2.000000000000000000e+00 8.000000000000000000e+00 1.244124065769577347e+00 3.007499740581343062e-03
8.000000000000000444e-01 2.000000000000000000e+00 8.000000000000000000e+00 1.244186827229807779e+00 2.936038617328939893e-03
1.000000000000000000e+00 2.000000000000000000e+00 8.000000000000000000e+00 1.276732705081509156e+00 4.484376859510419422e-03
1.199999999999999956e+00 2.000000000000000000e+00 8.000000000000000000e+00 1.308772847514478421e+00 2.236901032673488388e-03
1.399999999999999911e+00 2.000000000000000000e+00 8.000000000000000000e+00 1.316613700190558678e+00 2.655371696945185711e-03
1.600000000000000089e+00 2.000000000000000000e+00 8.000000000000000000e+00 1.371192526567292624e+00 1.760348004888223628e-03
1.800000000000000044e+00 2.000000000000000000e+00 8.000000000000000000e+00 1.397238613058167100e+00 2.077779424972225897e-03
2.000000000000000000e+00 2.000000000000000000e+00 8.000000000000000000e+00 1.425167327699657260e+00 1.149457700871270305e-03
2.200000000000000178e+00 2.000000000000000000e+00 8.000000000000000000e+00 1.446069133547116969e+00 2.315235044232699657e-03
2.399999999999999911e+00 2.000000000000000000e+00 8.000000000000000000e+00 1.486239302013486085e+00 2.174090098452929887e-03
2.600000000000000089e+00 2.000000000000000000e+00 8.000000000000000000e+00 1.503863961072501976e+00 1.151831109452716717e-03
2.799999999999999822e+00 2.000000000000000000e+00 8.000000000000000000e+00 1.543573086649184134e+00 3.000146226304067909e-03
3.000000000000000000e+00 2.000000000000000000e+00 8.000000000000000000e+00 1.586562334860542878e+00 7.106838040251250987e-03
3.200000000000000178e+00 2.000000000000000000e+00 8.000000000000000000e+00 1.607020138086043826e+00 2.832719809722217263e-03
3.399999999999999911e+00 2.000000000000000000e+00 8.000000000000000000e+00 1.677189489240338283e+00 2.642973106748103262e-03
3.600000000000000089e+00 2.000000000000000000e+00 8.000000000000000000e+00 1.731756393135870375e+00 2.724015943887936331e-03
3.799999999999999822e+00 2.000000000000000000e+00 8.000000000000000000e+00 1.782782193057353304e+00 9.510860710529311923e-03
4.000000000000000000e+00 2.000000000000000000e+00 8.000000000000000000e+00 1.694493899366138923e+00 8.184667710040560706e-03
