0.000000000000000000e+00 1.000000000000000000e+00 5.000000000000000000e+00 8.321365919053519411e-01 4.451919085366851103e-02
2.000000000000000111e-01 1.000000000000000000e+00 5.000000000000000000e+00 8.327504654327738676e-01 4.606301895139303104e-02
4.000000000000000222e-01 1.000000000000000000e+00 5.000000000000000000e+00 8.362255567647297605e-01 4.858498141210726429e-02
5.999999999999999778e-01 1.000000000000000000e+00 5.000000000000000000e+00 8.603252636645636331e-01 3.342772277265010361e-02
8.000000000000000444e-01 1.000000000000000000e+00 5.000000000000000000e+00 8.647222148679456488e-01 5.054671243000824488e-02
1.000000000000000000e+00 1.000000000000000000e+00 5.000000000000000000e+00 8.916414835597047395e-01 4.975033759855862492e-02
1.199999999999999956e+00 1.000000000000000000e+00 5.000000000000000000e+00 9.200403152261971140e-01 3.532928077649766241e-02
1.399999999999999911e+00 1.000000000000000000e+00 5.000000000000000000e+00 9.382425402773481027e-01 5.551671782512729303e-02
1.600000000000000089e+00 1.000000000000000000e+00 5.000000000000000000e+00 9.715603084979640425e-01 5.675802713404154431e-02
1.800000000000000044e+00 1.000000000000000000e+00 5.000000000000000000e+00 9.990199889356227159e-01 5.566784526108847775e-02
2.000000000000000000e+00 1.000000000000000000e+00 5.000000000000000000e+00 1.041268716094074787e+00 2.315571740660737898e-02
2.200000000000000178e+00 1.000000000000000000e+00 5.000000000000000000e+00 1.079782264683736281e+00 4.301926157729318856e-02
2.399999999999999911e+00 1.000000000000000000e+00 5.000000000000000000e+00 1.122649703842715674e+00 5.838180846260132562e-02
2.600000000000000089e+00 1.000000000000000000e+00 5.000000000000000000e+00 1.171571926498223837e+00 4.206892385673477452e-02
2.799999999999999822e+00 1.000000000000000000e+00 5.000000000000000000e+00 1.223242718949224095e+00 4.076293466198466220e-02
3.000000000000000000e+00 1.000000000000000000e+00 5.000000000000000000e+00 1.269635648657849725e+00 5.595044896355161335e-02
3.200000000000000178e+00 1.000000000000000000e+00 5.000000000000000000e+00 1.319609806896798077e+00 5.688255722899793199e-02
3.399999999999999911e+00 1.000000000000000000e+00 5.000000000000000000e+00 1.365875043695043978e+00 4.358558752907581990e-02
3.600000000000000089e+00 1.000000000000000000e+00 5.000000000000000000e+00 1.415374833848168645e+00 9.857017924387645458e-03
3.799999999999999822e+00 1.000000000000000000e+00 5.000000000000000000e+00 1.462357037108328761e+00 4.220669818019606723e-02
4.000000000000000000e+00 1.000000000000000000e+00 5.000000000000000000e+00 1.505445416897545741e+00 5.541160561099767179e-02
