0.000000000000000000e+00 0.000000000000000000e+00 8.000000000000000000e+00 2.225966678733728887e+00 2.991402775127660618e-04
2.000000000000000111e-01 0.000000000000000000e+00 8.000000000000000000e+00 2.261565521807798351e+00 5.816243122334752158e-03
4.000000000000000222e-01 0.000000000000000000e+00 8.000000000000000000e+00 2.149847417207509270e+00 1.400239662906921367e-02
5.999999999999999778e-01 0.000000000000000000e+00 8.000000000000000000e+00 2.257459611686882806e+00 4.420466330733008320e-03
8.000000000000000444e-01 0.000000000000000000e+00 8.000000000000000000e+00 2.196190766315748721e+00 1.068927700232058520e-02
1.000000000000000000e+00 0.000000000000000000e+00 8.000000000000000000e+00 2.441130348670208949e+00 3.772323889041251377e-03
1.199999999999999956e+00 0.000000000000000000e+00 8.000000000000000000e+00 2.429585469728444025e+00 4.242165523290264417e-03
1.399999999999999911e+00 0.000000000000000000e+00 8.000000000000000000e+00 2.455049581825739402e+00 3.562306121942748760e-03
1.600000000000000089e+00 0.000000000000000000e+00 8.000000000000000000e+00 2.444514319918958289e+00 9.007676403255837627e-03
1.800000000000000044e+00 0.000000000000000000e+00 8.000000000000000000e+00 2.524771423642706569e+00 6.265457661049911309e-03
2.000000000000000000e+00 0.000000000000000000e+00 8.000000000000000000e+00 2.587589215608531390e+00 5.565126861549041237e-02
2.200000000000000178e+00 0.000000000000000000e+00 8.000000000000000000e+00 2.730394231746963385e+00 5.720536458361680232e-03
2.399999999999999911e+00 0.000000000000000000e+00 8.000000000000000000e+00 2.834960554077821104e+00 6.114619548111210889e-03
2.600000000000000089e+00 0.000000000000000000e+00 8.000000000000000000e+00 3.022900391119861752e+00 3.881545105996764278e-02
2.799999999999999822e+00 0.000000000000000000e+00 8.000000000000000000e+00 3.188857726639136025e+00 3.409637270122667374e-03
3.000000000000000000e+00 0.000000000000000000e+00 8.000000000000000000e+00 3.245323508877566265e+00 3.519539253394654565e-03
3.200000000000000178e+00 0.000000000000000000e+00 8.000000000000000000e+00 3.388958392960498944e+00 3.835025293173366379e-03
3.399999999999999911e+00 0.000000000000000000e+00 8.000000000000000000e+00 3.484503217342219905e+00 4.046236176741269119e-03
3.600000000000000089e+00 0.000000000000000000e+00 8.000000000000000000e+00 3.567682088484192882e+00 4.252117675297872879e-03
3.799999999999999822e+00 0.000000000000000000e+00 8.000000000000000000e+00 3.683921358343286379e+00 4.544310510326887709e-03
4.000000000000000000e+00 0.000000000000000000e+00 8.000000000000000000e+00 3.819483785835888767e+00 4.915937706521322781e-03
