0.000000000000000000e+00 0.000000000000000000e+00 2.000000000000000000e+00 1.293720445955320875e+00 3.451149986294343996e-02
2.000000000000000111e-01 0.000000000000000000e+00 2.000000000000000000e+00 1.295466630317094747e+00 3.446061679174639014e-02
4.000000000000000222e-01 0.000000000000000000e+00 2.000000000000000000e+00 1.305556077318303920e+00 3.443943654384551412e-02
5.999999999999999778e-01 0.000000000000000000e+00 2.000000000000000000e+00 1.312648706216001937e+00 3.801415627108195583e-02
8.000000000000000444e-01 0.000000000000000000e+00 2.000000000000000000e+00 1.326709587846536254e+00 3.768211293577927723e-02
1.000000000000000000e+00 0.000000000000000000e+00 2.000000000000000000e+00 1.349233924688350017e+00 3.823789399690880053e-02
1.199999999999999956e+00 0.000000000000000000e+00 2.000000000000000000e+00 1.075232733029858334e+00 3.477838228544771759e-02
1.399999999999999911e+00 0.000000000000000000e+00 2.000000000000000000e+00 1.405345800093083408e+00 4.226662924759461148e-02
1.600000000000000089e+00 0.000000000000000000e+00 2.000000000000000000e+00 1.452527977230375633e+00 3.868249394428646681e-02
1.800000000000000044e+00 0.000000000000000000e+00 2.000000000000000000e+00 1.497326202236787918e+00 4.029444149784489060e-02
2.000000000000000000e+00 0.000000000000000000e+00 2.000000000000000000e+00 1.546690622412427718e+00 3.855780792179996919e-02
2.200000000000000178e+00 0.000000000000000000e+00 2.000000000000000000e+00 1.598369023108567433e+00 3.876159514684640595e-02
2.399999999999999911e+00 0.000000000000000000e+00 2.000000000000000000e+00 1.650101313150577065e+00 3.991596841131506146e-02
2.600000000000000089e+00 0.000000000000000000e+00 2.000000000000000000e+00 1.704157559982209413e+00 1.874333545721673655e-02
2.799999999999999822e+00 0.000000000000000000e+00 2.000000000000000000e+00 1.761102999548229686e+00 3.990671426213543427e-02
3.000000000000000000e+00 0.000000000000000000e+00 2.000000000000000000e+00 1.810993731904038118e+00 4.162911036940708520e-02
3.200000000000000178e+00 0.000000000000000000e+00 2.000000000000000000e+00 1.872023582216790327e+00 4.323242921541992079e-02
3.399999999999999911e+00 0.000000000000000000e+00 2.000000000000000000e+00 1.933641377325992394e+00 4.402021717149429136e-02
3.600000000000000089e+00 0.000000000000000000e+00 2.000000000000000000e+00 1.988797225439375538e+00 4.740701952032155830e-02
3.799999999999999822e+00 0.000000000000000000e+00 2.000000000000000000e+00 2.051895003363843450e+00 5.863460173452694768e-02
4.000000000000000000e+00 0.000000000000000000e+00 2.000000000000000000e+00 2.124199448810206725e+00 1.434661060382236286e-02
