0.000000000000000000e+00 0.000000000000000000e+00 5.000000000000000000e+00 1.288093531005821690e+00 5.795764509653489327e-02
2.000000000000000111e-01 0.000000000000000000e+00 5.000000000000000000e+00 1.271984183507752331e+00 6.661886611513734291e-02
4.000000000000000222e-01 0.000000000000000000e+00 5.000000000000000000e+00 1.289792059167218508e+00 5.599670037772730424e-02
5.999999999999999778e-01 0.000000000000000000e+00 5.000000000000000000e+00 1.295626472766496118e+00 6.967189401268369942e-02
8.000000000000000444e-01 0.000000000000000000e+00 5.000000000000000000e+00 1.303758490347531218e+00 7.424567428789274892e-02
1.000000000000000000e+00 0.000000000000000000e+00 5.000000000000000000e+00 1.316972676708894507e+00 6.486699233652459817e-02
1.199999999999999956e+00 0.000000000000000000e+00 5.000000000000000000e+00 1.333889030572353862e+00 6.390034053668747216e-02
1.399999999999999911e+00 0.000000000000000000e+00 5.000000000000000000e+00 1.357344588440283939e+00 7.560888808576282649e-02
1.600000000000000089e+00 0.000000000000000000e+00 5.000000000000000000e+00 1.386757295087511777e+00 7.996029075774346850e-03
1.800000000000000044e+00 0.000000000000000000e+00 5.000000000000000000e+00 1.437481482606837169e+00 1.553315746135852660e-02
2.000000000000000000e+00 0.000000000000000000e+00 5.000000000000000000e+00 1.460494729751857790e+00 1.613309116125023479e-01
2.200000000000000178e+00 0.000000000000000000e+00 5.000000000000000000e+00 1.481595301436707146e+00 1.546620189673997281e-02
2.399999999999999911e+00 0.000000000000000000e+00 5.000000000000000000e+00 1.524123281701498911e+00 9.214330915831370206e-02
2.600000000000000089e+00 0.000000000000000000e+00 5.000000000000000000e+00 1.568745894051923884e+00 6.425762281275138044e-02
2.799999999999999822e+00 0.000000000000000000e+00 5.000000000000000000e+00 1.602656608670128158e+00 7.422350792647436357e-02
3.000000000000000000e+00 0.000000000000000000e+00 5.000000000000000000e+00 1.639938615147626511e+00 9.364560580967606906e-02
3.200000000000000178e+00 0.000000000000000000e+00 5.000000000000000000e+00 1.681106525125879436e+00 9.999913515772207440e-02
3.399999999999999911e+00 0.000000000000000000e+00 5.000000000000000000e+00 1.738001823198039197e+00 7.748541718212320628e-02
3.600000000000000089e+00 0.000000000000000000e+00 5.000000000000000000e+00 1.793586358800616232e+00 5.222573637117755574e-02
3.799999999999999822e+00 0.000000000000000000e+00 5.000000000000000000e+00 1.838398299271670311e+00 7.916648822623439941e-02
4.000000000000000000e+00 0.000000000000000000e+00 5.000000000000000000e+00 1.891337841936348019e+00 8.223014973296249863e-02
