0.000000000000000000e+00 0.000000000000000000e+00 3.000000000000000000e+00 1.327372927346677667e+00 4.360528008059028071e-02
2.000000000000000111e-01 0.000000000000000000e+00 3.000000000000000000e+00 1.323980147445334987e+00 4.501733681063713188e-02
4.000000000000000222e-01 0.000000000000000000e+00 3.000000000000000000e+00 1.347686880587595670e+00 4.271875390578239173e-02
5.999999999999999778e-01 0.000000000000000000e+00 3.000000000000000000e+00 1.365335046502905714e+00 4.333811830435874146e-02
8.000000000000000444e-01 0.000000000000000000e+00 3.000000000000000000e+00 1.388760407794235041e+00 4.269798386154877168e-02
1.000000000000000000e+00 0.000000000000000000e+00 3.000000000000000000e+00 1.413463263375114742e+00 4.294253944186221528e-02
1.199999999999999956e+00 0.000000000000000000e+00 3.000000000000000000e+00 1.451873606602392286e+00 4.316548676147535790e-02
1.399999999999999911e+00 0.000000000000000000e+00 3.000000000000000000e+00 1.491521146033369494e+00 4.306823367799161861e-02
1.600000000000000089e+00 0.000000000000000000e+00 3.000000000000000000e+00 1.527944940498888293e+00 4.419862267461605043e-02
1.800000000000000044e+00 0.000000000000000000e+00 3.000000000000000000e+00 1.575102870235212116e+00 4.392611438560622972e-02
2.000000000000000000e+00 0.000000000000000000e+00 3.000000000000000000e+00 1.592858903614867705e+00 1.459553703027351990e-01
2.200000000000000178e+00 0.000000000000000000e+00 3.000000000000000000e+00 1.648466265614378923e+00 8.902445669952463447e-02
2.399999999999999911e+00 0.000000000000000000e+00 3.000000000000000000e+00 1.716270758920381390e+00 5.675297262512535301e-02
2.600000000000000089e+00 0.000000000000000000e+00 3.000000000000000000e+00 1.790425618137960750e+00 4.163095964941443405e-02
2.799999999999999822e+00 0.000000000000000000e+00 3.000000000000000000e+00 1.850163001684836495e+00 2.829440111032734961e-01
3.000000000000000000e+00 0.000000000000000000e+00 3.000000000000000000e+00 1.891894662806771876e+00 8.936785936445645895e-02
3.200000000000000178e+00 0.000000000000000000e+00 3.000000000000000000e+00 1.971583406146942830e+00 4.177379990326657300e-02
3.399999999999999911e+00 0.000000000000000000e+00 3.000000000000000000e+00 2.051093967530286388e+00 5.273476406009236506e-02
3.600000000000000089e+00 0.000000000000000000e+00 3.000000000000000000e+00 2.108447230894815227e+00 4.222643529108549565e-02
3.799999999999999822e+00 0.000000000000000000e+00 3.000000000000000000e+00 2.166497448754435950e+00 4.261229691863199776e-02
4.000000000000000000e+00 0.000000000000000000e+00 3.000000000000000000e+00 2.227818238665382644e+00 4.295406266505885640e-02
