0.000000000000000000e+00 3.000000000000000000e+00 1.000000000000000000e+00 1.272633111869617695e+00 1.242060013443513355e-03
2.000000000000000111e-01 3.000000000000000000e+00 1.000000000000000000e+00 1.067001161995306813e+00 1.832894573783327985e-05
4.000000000000000222e-01 3.000000000000000000e+00 1.000000000000000000e+00 1.254961076228537920e+00 1.230386876222899772e-03
5.999999999999999778e-01 3.000000000000000000e+00 1.000000000000000000e+00 1.268484280611479331e+00 1.155643081569901476e-03
8.000000000000000444e-01 3.000000000000000000e+00 1.000000000000000000e+00 1.306668792584571470e+00 9.325635845133239954e-04
1.000000000000000000e+00 3.000000000000000000e+00 1.000000000000000000e+00 1.317068459703159000e+00 9.818932883876030360e-04
1.199999999999999956e+00 3.000000000000000000e+00 1.000000000000000000e+00 1.329663985111950275e+00 9.875542978212692447e-04
1.399999999999999911e+00 3.000000000000000000e+00 1.000000000000000000e+00 1.362409423449051804e+00 9.302805709612282925e-04
1.600000000000000089e+00 3.000000000000000000e+00 1.000000000000000000e+00 1.422528093511726821e+00 1.930085922863589154e-03
1.800000000000000044e+00 3.000000000000000000e+00 1.000000000000000000e+00 1.438906843463202412e+00 8.002032133888059562e-04
2.000000000000000000e+00 3.000000000000000000e+00 1.000000000000000000e+00 1.500216227591475882e+00 5.844160390803265770e-04
2.200000000000000178e+00 3.000000000000000000e+00 1.000000000000000000e+00 1.510019635637118274e+00 9.588967831510863959e-04
2.399999999999999911e+00 3.000000000000000000e+00 1.000000000000000000e+00 1.587711395622293686e+00 7.109404267516827858e-04
2.600000000000000089e+00 3.000000000000000000e+00 1.000000000000000000e+00 1.602374690952476088e+00 9.017130095678727031e-04
2.799999999999999822e+00 3.000000000000000000e+00 1.000000000000000000e+00 1.660493837376584292e+00 6.004560032685235527e-04
3.000000000000000000e+00 3.000000000000000000e+00 1.000000000000000000e+00 1.707874725782709380e+00 3.896948621853191241e-03
3.200000000000000178e+00 3.000000000000000000e+00 1.000000000000000000e+00 1.742991404260077370e+00 1.582400720245069614e-03
3.399999999999999911e+00 3.000000000000000000e+00 1.000000000000000000e+00 1.775745402417666652e+00 1.922054766698266803e-03
3.600000000000000089e+00 3.000000000000000000e+00 1.000000000000000000e+00 1.840140571169706085e+00 4.464945130346897884e-03
3.799999999999999822e+00 3.000000000000000000e+00 1.000000000000000000e+00 1.871701651746550121e+00 7.173427119927522355e-04
4.000000000000000000e+00 3.000000000000000000e+00 1.000000000000000000e+00 1.934503708919915743e+00 7.195007134583875086e-04
