0.000000000000000000e+00 2.000000000000000000e+00 5.000000000000000000e+00 9.422629651036357190e-01 5.368985164433404123e-04
2.000000000000000111e-01 2.000000000000000000e+00 5.000000000000000000e+00 9.919917449657922326e-01 9.501744033524328614e-05
4.000000000000000222e-01 2.000000000000000000e+00 5.000000000000000000e+00 9.434947253092701436e-01 3.999640887286659563e-04
5.999999999999999778e-01 2.000000000000000000e+00 5.000000000000000000e+00 9.447237585401890847e-01 6.086533109617153769e-04
8.000000000000000444e-01 2.000000000000000000e+00 5.000000000000000000e+00 1.004345602690857042e+00 3.927176845710533826e-04
1.000000000000000000e+00 2.000000000000000000e+00 5.000000000000000000e+00 9.844896636003874768e-01 4.280783109378294427e-04
1.199999999999999956e+00 2.000000000000000000e+00 5.000000000000000000e+00 9.933732152426283379e-01 4.673732697926813451e-04
1.399999999999999911e+00 2.000000000000000000e+00 5.000000000000000000e+00 1.020403605548171999e+00 6.449259919366623350e-04
1.600000000000000089e+00 2.000000000000000000e+00 5.000000000000000000e+00 1.051315479682783494e+00 6.404114907727631589e-04
1.800000000000000044e+00 2.000000000000000000e+00 5.000000000000000000e+00 1.080537550962675120e+00 4.679039154711350790e-04
2.000000000000000000e+00 2.000000000000000000e+00 5.000000000000000000e+00 1.106721274214850670e+00 6.991149678020613933e-04
2.200000000000000178e+00 2.000000000000000000e+00 5.000000000000000000e+00 1.147588285900829508e+00 6.426074056209429841e-04
2.399999999999999911e+00 2.000000000000000000e+00 5.000000000000000000e+00 1.186268261208788255e+00 4.807546493927894460e-04
2.600000000000000089e+00 2.000000000000000000e+00 5.000000000000000000e+00 1.223033862116007064e+00 4.859526961805693546e-04
2.799999999999999822e+00 2.000000000000000000e+00 5.000000000000000000e+00 1.264268517741693465e+00 4.840643962115143140e-04
3.000000000000000000e+00 2.000000000000000000e+00 5.000000000000000000e+00 1.303793649379719755e+00 6.566290276307507057e-04
3.200000000000000178e+00 2.000000000000000000e+00 5.000000000000000000e+00 1.341970615171883541e+00 5.126371420701714143e-04
3.399999999999999911e+00 2.000000000000000000e+00 5.000000000000000000e+00 1.387466425435214257e+00 1.672248325496061838e-04
3.600000000000000089e+00 2.000000000000000000e+00 5.000000000000000000e+00 1.431243141471327363e+00 5.163483301697802119e-04
3.799999999999999822e+00 2.000000000000000000e+00 5.000000000000000000e+00 1.473882090829138347e+00 2.009758223125102106e-03
4.000000000000000000e+00 2.000000000000000000e+00 5.000000000000000000e+00 1.514602084699423479e+00 3.768651790229116116e-04
