0.000000000000000000e+00 2.000000000000000000e+00 6.000000000000000000e+00 8.822400660791940297e-01 7.399063780753528663e-02
2.000000000000000111e-01 2.000000000000000000e+00 6.000000000000000000e+00 8.861561740600554238e-01 7.022464348574203319e-02
4.000000000000000222e-01 2.000000000000000000e+00 6.000000000000000000e+00 1.044297264133880354e+00 1.336214113911715629e-05
5.999999999999999778e-01 2.000000000000000000e+00 6.000000000000000000e+00 9.217575531429356150e-01 6.546182553193974352e-02
8.000000000000000444e-01 2.000000000000000000e+00 6.000000000000000000e+00 9.462674434959139624e-01 6.355155755308455889e-02
1.000000000000000000e+00 2.000000000000000000e+00 6.000000000000000000e+00 9.727858685413737216e-01 6.153281745350652754e-02
1.199999999999999956e+00 2.000000000000000000e+00 6.000000000000000000e+00 9.992735596604612747e-01 6.016246785436413225e-02
1.399999999999999911e+00 2.000000000000000000e+00 6.000000000000000000e+00 1.015072520213063934e+00 6.586332006327466626e-02
1.600000000000000089e+00 2.000000000000000000e+00 6.000000000000000000e+00 1.036376499160275300e+00 6.874315004291309261e-02
1.800000000000000044e+00 2.000000000000000000e+00 6.000000000000000000e+00 1.042411470663954232e+00 5.242440277556381645e-02
2.000000000000000000e+00 2.000000000000000000e+00 6.000000000000000000e+00 1.095142409024286723e+00 7.690382731544731509e-02
2.200000000000000178e+00 2.000000000000000000e+00 6.000000000000000000e+00 1.125710126795778088e+00 8.506334113239755190e-02
2.399999999999999911e+00 2.000000000000000000e+00 6.000000000000000000e+00 1.165025855848950131e+00 8.030242730749947988e-02
2.600000000000000089e+00 2.000000000000000000e+00 6.000000000000000000e+00 1.231268759598126428e+00 5.224946766336413528e-02
2.799999999999999822e+00 2.000000000000000000e+00 6.000000000000000000e+00 1.277753636653724989e+00 7.815954847147177365e-02
3.000000000000000000e+00 2.000000000000000000e+00 6.000000000000000000e+00 1.343378542095823747e+00 7.268810638347966702e-02
3.200000000000000178e+00 2.000000000000000000e+00 6.000000000000000000e+00 1.394257864673432046e+00 8.133163721926517375e-03
3.399999999999999911e+00 2.000000000000000000e+00 6.000000000000000000e+00 1.437220605446429378e+00 5.314375662838877190e-02
3.600000000000000089e+00 2.000000000000000000e+00 6.000000000000000000e+00 1.488755281221294524e+00 7.178987752052523597e-02
3.799999999999999822e+00 2.000000000000000000e+00 6.000000000000000000e+00 1.542506543984770717e+00 3.877776329156124024e-02
4.000000000000000000e+00 2.000000000000000000e+00 6.000000000000000000e+00 1.593443779989194287e+00 5.644130544191239274e-02
