0.000000000000000000e+00 3.000000000000000000e+00 2.000000000000000000e+00 1.272554153714175573e+00 4.295566091023594879e-02
2.000000000000000111e-01 3.000000000000000000e+00 2.000000000000000000e+00 1.269812461399991044e+00 4.388485123975827129e-02
4.000000000000000222e-01 3.000000000000000000e+00 2.000000000000000000e+00 1.284254083797981671e+00 4.320262003233210635e-02
5.999999999999999778e-01 3.000000000000000000e+00 2.000000000000000000e+00 1.303435879495106864e+00 4.337313273062681773e-02
8.000000000000000444e-01 3.000000000000000000e+00 2.000000000000000000e+00 1.324890011537604551e+00 4.372886876906423304e-02
1.000000000000000000e+00 3.000000000000000000e+00 2.000000000000000000e+00 1.359785537465371785e+00 4.884021284584316724e-02
1.199999999999999956e+00 3.000000000000000000e+00 2.000000000000000000e+00 1.396260770042877519e+00 4.334794523703611180e-02
1.399999999999999911e+00 3.000000000000000000e+00 2.000000000000000000e+00 1.431158586913995334e+00 1.808707434671319447e-02
1.600000000000000089e+00 3.000000000000000000e+00 2.000000000000000000e+00 1.469476366033863890e+00 4.297623688214735616e-02
1.800000000000000044e+00 3.000000000000000000e+00 2.000000000000000000e+00 1.513558079870950923e+00 4.398190635758358891e-02
2.000000000000000000e+00 3.000000000000000000e+00 2.000000000000000000e+00 1.548988837260869555e+00 4.607436747736171068e-02
2.200000000000000178e+00 3.000000000000000000e+00 2.000000000000000000e+00 1.605190933611053250e+00 4.441003392963382979e-02
2.399999999999999911e+00 3.000000000000000000e+00 2.000000000000000000e+00 1.663331195064516432e+00 4.749118187221390563e-02
2.600000000000000089e+00 3.000000000000000000e+00 2.000000000000000000e+00 1.712498790069021837e+00 4.486851910147782174e-02
2.799999999999999822e+00 3.000000000000000000e+00 2.000000000000000000e+00 1.765552405556618965e+00 1.410308843500884812e-02
3.000000000000000000e+00 3.000000000000000000e+00 2.000000000000000000e+00 1.818712948408211627e+00 9.319400296004753947e-02
3.200000000000000178e+00 3.000000000000000000e+00 2.000000000000000000e+00 1.884417395623430025e+00 2.206827336222194624e-02
3.399999999999999911e+00 3.000000000000000000e+00 2.000000000000000000e+00 1.948187796527774296e+00 5.681688515566563069e-02
3.600000000000000089e+00 3.000000000000000000e+00 2.000000000000000000e+00 2.006346010415544612e+00 9.917761896146459755e-03
3.799999999999999822e+00 3.000000000000000000e+00 2.000000000000000000e+00 2.072753053897328002e+00 1.336115656656619022e-01
4.000000000000000000e+00 3.000000000000000000e+00 2.000000000000000000e+00 2.129004923422013196e+00 3.868299498983218676e-02
