0.000000000000000000e+00 1.000000000000000000e+00 7.000000000000000000e+00 8.633737313303119221e-01 1.258024490507930748e-01
2.000000000000000111e-01 1.000000000000000000e+00 7.000000000000000000e+00 8.792640541628438111e-01 1.168241036305286973e-01
4.000000000000000222e-01 1.000000000000000000e+00 7.000000000000000000e+00 9.121811695077247650e-01 1.032707687484471504e-01
5.999999999999999778e-01 1.000000000000000000e+00 7.000000000000000000e+00 9.261136504169159567e-01 1.093133478987845519e-01
8.000000000000000444e-01 1.000000000000000000e+00 7.000000000000000000e+00 9.349904782100698641e-01 1.128087108456792831e-01
1.000000000000000000e+00 1.000000000000000000e+00 7.000000000000000000e+00 9.649350796944394792e-01 1.080035957680525738e-01
1.199999999999999956e+00 1.000000000000000000e+00 7.000000000000000000e+00 9.994405708291287382e-01 1.090320789588097861e-01
1.399999999999999911e+00 1.000000000000000000e+00 7.000000000000000000e+00 1.048244243804706821e+00 1.132246389340729742e-03
1.600000000000000089e+00 1.000000000000000000e+00 7.000000000000000000e+00 1.046805993166730175e+00 5.301523819445153052e-03
1.800000000000000044e+00 1.000000000000000000e+00 7.000000000000000000e+00 1.113755485128795630e+00 6.776916750600592287e-02
2.000000000000000000e+00 1.000000000000000000e+00 7.000000000000000000e+00 1.186268787292763083e+00 8.728238403051558070e-02
2.200000000000000178e+00 1.000000000000000000e+00 7.000000000000000000e+00 1.214399555589044111e+00 9.371955962334288515e-02
2.399999999999999911e+00 1.000000000000000000e+00 7.000000000000000000e+00 1.235676572757166136e+00 8.552443005629595252e-02
2.600000000000000089e+00 1.000000000000000000e+00 7.000000000000000000e+00 1.319612669981162778e+00 6.161585847594042153e-02
2.799999999999999822e+00 1.000000000000000000e+00 7.000000000000000000e+00 1.358998595230763051e+00 6.398749239796241994e-02
3.000000000000000000e+00 1.000000000000000000e+00 7.000000000000000000e+00 1.425659510105778516e+00 7.766410866890738340e-02
3.200000000000000178e+00 1.000000000000000000e+00 7.000000000000000000e+00 1.467215209329013614e+00 8.387747591447136664e-02
3.399999999999999911e+00 1.000000000000000000e+00 7.000000000000000000e+00 1.537500758826674918e+00 7.910062807654338890e-02
3.600000000000000089e+00 1.000000000000000000e+00 7.000000000000000000e+00 1.587296822674058028e+00 8.192377847222798160e-02
3.799999999999999822e+00 1.000000000000000000e+00 7.000000000000000000e+00 1.639515239038710881e+00 1.092001834591427301e-01
4.000000000000000000e+00 1.000000000000000000e+00 7.000000000000000000e+00 1.701106774237944208e+00 7.313505313343349190e-02
