0.000000000000000000e+00 2.000000000000000000e+00 7.000000000000000000e+00 1.115549363310240905e+00 7.490968162802147390e-04
2.000000000000000111e-01 2.000000000000000000e+00 7.000000000000000000e+00 1.052943880377283481e+00 8.964509588516023086e-04
4.000000000000000222e-01 2.000000000000000000e+00 7.000000000000000000e+00 1.136072232797942227e+00 7.086055345045805254e-04
5.999999999999999778e-01 2.000000000000000000e+00 7.000000000000000000e+00 1.150868341330529843e+00 5.279874446306731528e-04
8.000000000000000444e-01 2.000000000000000000e+00 7.000000000000000000e+00 1.161900089008031101e+00 7.224014588491645128e-04
1.000000000000000000e+00 2.000000000000000000e+00 7.000000000000000000e+00 1.063224275744356628e+00 3.363400715383768613e-04
1.199999999999999956e+00 2.000000000000000000e+00 7.000000000000000000e+00 1.203419122587090495e+00 5.437106801592372918e-04
1.399999999999999911e+00 2.000000000000000000e+00 7.000000000000000000e+00 1.220937511953736454e+00 5.724065556531598986e-04
1.600000000000000089e+00 2.000000000000000000e+00 7.000000000000000000e+00 1.245215016932607721e+00 5.876722426434444202e-04
1.800000000000000044e+00 2.000000000000000000e+00 7.000000000000000000e+00 1.284612561485826809e+00 7.145106712942439486e-04
2.000000000000000000e+00 2.000000000000000000e+00 7.000000000000000000e+00 1.318987738732362747e+00 7.029220382270828793e-04
2.200000000000000178e+00 2.000000000000000000e+00 7.000000000000000000e+00 1.350660766676053948e+00 1.922388168054123270e-04
2.399999999999999911e+00 2.000000000000000000e+00 7.000000000000000000e+00 1.389589212666507700e+00 7.323189464073509569e-04
2.600000000000000089e+00 2.000000000000000000e+00 7.000000000000000000e+00 1.428543948208835346e+00 7.391412721543533237e-04
2.799999999999999822e+00 2.000000000000000000e+00 7.000000000000000000e+00 1.458777223847910198e+00 1.305707627618390987e-03
3.000000000000000000e+00 2.000000000000000000e+00 7.000000000000000000e+00 1.485254327144651665e+00 6.795900412521760359e-04
3.200000000000000178e+00 2.000000000000000000e+00 7.000000000000000000e+00 1.541365354809472343e+00 7.046162649541054535e-04
3.399999999999999911e+00 2.000000000000000000e+00 7.000000000000000000e+00 1.585135406261376501e+00 8.799891937640857975e-04
3.600000000000000089e+00 2.000000000000000000e+00 7.000000000000000000e+00 1.635867147729551663e+00 6.850222333689703902e-04
3.799999999999999822e+00 2.000000000000000000e+00 7.000000000000000000e+00 1.684214788021015652e+00 9.417162409806056900e-04
4.000000000000000000e+00 2.000000000000000000e+00 7.000000000000000000e+00 1.739241010708985513e+00 8.354086264816817931e-04
