0.000000000000000000e+00 3.000000000000000000e+00 6.000000000000000000e+00 1.574244739810745086e+00 9.539620839730256208e-04
2.000000000000000111e-01 3.000000000000000000e+00 6.000000000000000000e+00 1.578351871077519064e+00 9.223191532844454699e-04
4.000000000000000222e-01 3.000000000000000000e+00 6.000000000000000000e+00 1.569299716043157655e+00 1.024540111054017544e-03
5.999999999999999778e-01 3.000000000000000000e+00 6.000000000000000000e+00 1.571558607911962113e+00 1.482182341498106126e-03
8.000000000000000444e-01 3.000000000000000000e+00 6.000000000000000000e+00 1.585931472714962709e+00 1.478235320679033293e-03
1.000000000000000000e+00 3.000000000000000000e+00 6.000000000000000000e+00 1.609464767021234088e+00 1.206531000103039375e-03
1.199999999999999956e+00 3.000000000000000000e+00 6.000000000000000000e+00 1.633604059359339722e+00 1.531067390631024594e-03
1.399999999999999911e+00 3.000000000000000000e+00 6.000000000000000000e+00 1.641873874763761787e+00 1.886100880730490204e-03
1.600000000000000089e+00 3.000000000000000000e+00 6.000000000000000000e+00 1.686001207929943568e+00 2.563770240654794641e-03
1.800000000000000044e+00 3.000000000000000000e+00 6.000000000000000000e+00 1.742576695986189916e+00 2.471832965734721554e-03
2.000000000000000000e+00 3.000000000000000000e+00 6.000000000000000000e+00 1.797318819229843267e+00 1.440034711558957348e-03
2.200000000000000178e+00 3.000000000000000000e+00 6.000000000000000000e+00 1.832554011737486555e+00 2.668490497905184888e-03
2.399999999999999911e+00 3.000000000000000000e+00 6.000000000000000000e+00 1.902455775126610238e+00 1.321782241034075156e-03
2.600000000000000089e+00 3.000000000000000000e+00 6.000000000000000000e+00 1.963641240175788116e+00 1.185055158495540439e-03
2.799999999999999822e+00 3.000000000000000000e+00 6.000000000000000000e+00 2.030188537339490118e+00 1.062965560024720091e-03
3.000000000000000000e+00 3.000000000000000000e+00 6.000000000000000000e+00 2.087752395004779160e+00 1.293057644468742495e-03
3.200000000000000178e+00 3.000000000000000000e+00 6.000000000000000000e+00 2.146103621527610361e+00 1.068629280842392504e-03
3.399999999999999911e+00 3.000000000000000000e+00 6.000000000000000000e+00 2.207506939614872543e+00 1.039201087271290902e-03
3.600000000000000089e+00 3.000000000000000000e+00 6.000000000000000000e+00 2.265726540089812779e+00 1.082386226962217535e-03
3.799999999999999822e+00 3.000000000000000000e+00 6.000000000000000000e+00 2.331210635941683762e+00 1.170996985201178120e-03
4.000000000000000000e+00 3.000000000000000000e+00 6.000000000000000000e+00 2.399179395660043124e+00 1.631086309783036370e-03
