0.000000000000000000e+00 3.000000000000000000e+00 3.000000000000000000e+00 1.320065874938822770e+00 5.129536746454144147e-02
2.000000000000000111e-01 3.000000000000000000e+00 3.000000000000000000e+00 1.324017981226135454e+00 4.956531556862442400e-02
4.000000000000000222e-01 3.000000000000000000e+00 3.000000000000000000e+00 1.327578506595367802e+00 4.822366363624119856e-02
5.999999999999999778e-01 3.000000000000000000e+00 3.000000000000000000e+00 1.344877095669300138e+00 4.996736970725246252e-02
8.000000000000000444e-01 3.000000000000000000e+00 3.000000000000000000e+00 1.399529293433742883e+00 1.168427424820747129e-01
1.000000000000000000e+00 3.000000000000000000e+00 3.000000000000000000e+00 1.386453572917199395e+00 4.921487603601415461e-02
1.199999999999999956e+00 3.000000000000000000e+00 3.000000000000000000e+00 1.414580461332719974e+00 5.042101602450932418e-02
1.399999999999999911e+00 3.000000000000000000e+00 3.000000000000000000e+00 1.453878773703296989e+00 5.113174365147277189e-02
1.600000000000000089e+00 3.000000000000000000e+00 3.000000000000000000e+00 1.499688283717881099e+00 3.568871116074179284e-02
1.800000000000000044e+00 3.000000000000000000e+00 3.000000000000000000e+00 1.539625586368662091e+00 3.182525867034458056e-02
2.000000000000000000e+00 3.000000000000000000e+00 3.000000000000000000e+00 1.587587883012877565e+00 3.837622666120554804e-02
2.200000000000000178e+00 3.000000000000000000e+00 3.000000000000000000e+00 1.636575145988475866e+00 3.368619090497537716e-02
2.399999999999999911e+00 3.000000000000000000e+00 3.000000000000000000e+00 1.686623751584868547e+00 3.159245792618425863e-02
2.600000000000000089e+00 3.000000000000000000e+00 3.000000000000000000e+00 1.740230782867957959e+00 1.297917615395716151e-02
2.799999999999999822e+00 3.000000000000000000e+00 3.000000000000000000e+00 1.788390175344474198e+00 1.535723857187206720e-01
3.000000000000000000e+00 3.000000000000000000e+00 3.000000000000000000e+00 1.859461893849336356e+00 1.575854359023785012e-01
3.200000000000000178e+00 3.000000000000000000e+00 3.000000000000000000e+00 1.928597708263918964e+00 4.392287372905345766e-02
3.399999999999999911e+00 3.000000000000000000e+00 3.000000000000000000e+00 1.997898874480724007e+00 4.152707286851353707e-02
3.600000000000000089e+00 3.000000000000000000e+00 3.000000000000000000e+00 2.057672508286078727e+00 4.401033401468090744e-02
3.799999999999999822e+00 3.000000000000000000e+00 3.000000000000000000e+00 2.116938247747695456e+00 5.797282632508826694e-02
4.000000000000000000e+00 3.000000000000000000e+00 3.000000000000000000e+00 2.190712685831565754e+00 6.531826281724084637e-02
