0.000000000000000000e+00 2.000000000000000000e+00 6.000000000000000000e+00 9.733051678819915065e-01 5.460971245896395487e-04
2.000000000000000111e-01 2.000000000000000000e+00 6.000000000000000000e+00 9.876140248104348096e-01 5.238176928762383611e-04
4.000000000000000222e-01 2.000000000000000000e+00 6.000000000000000000e+00 9.994717448392015369e-01 5.245442698584290575e-04
5.999999999999999778e-01 2.000000000000000000e+00 6.000000000000000000e+00 1.007618197384277936e+00 5.393059356277873917e-04
8.000000000000000444e-01 2.000000000000000000e+00 6.000000000000000000e+00 1.021481911735812709e+00 5.406745923941524978e-04
1.000000000000000000e+00 2.000000000000000000e+00 6.000000000000000000e+00 1.036004104662884284e+00 1.259495468752813707e-05
1.199999999999999956e+00 2.000000000000000000e+00 6.000000000000000000e+00 1.068610435168507733e+00 5.243959750339532988e-04
1.399999999999999911e+00 2.000000000000000000e+00 6.000000000000000000e+00 1.108542289654878665e+00 5.002260411524073191e-04
1.600000000000000089e+00 2.000000000000000000e+00 6.000000000000000000e+00 1.143518458651162195e+00 4.950768824357743014e-04
1.800000000000000044e+00 2.000000000000000000e+00 6.000000000000000000e+00 1.173246879691427491e+00 5.111343075459018337e-04
2.000000000000000000e+00 2.000000000000000000e+00 6.000000000000000000e+00 1.206113067096949543e+00 5.206320186879054290e-04
2.200000000000000178e+00 2.000000000000000000e+00 6.000000000000000000e+00 1.241952955698161887e+00 7.202501697581853435e-04
2.399999999999999911e+00 2.000000000000000000e+00 6.000000000000000000e+00 1.278524822296650543e+00 7.272761035694852438e-04
2.600000000000000089e+00 2.000000000000000000e+00 6.000000000000000000e+00 1.310505889585060313e+00 5.760237321746908279e-04
2.799999999999999822e+00 2.000000000000000000e+00 6.000000000000000000e+00 1.368368897549698371e+00 2.059926629371933160e-04
3.000000000000000000e+00 2.000000000000000000e+00 6.000000000000000000e+00 1.405265987622781321e+00 6.014771750573189024e-04
3.200000000000000178e+00 2.000000000000000000e+00 6.000000000000000000e+00 1.432556648079108541e+00 9.491253163079749200e-04
3.399999999999999911e+00 2.000000000000000000e+00 6.000000000000000000e+00 1.457650701622097866e+00 1.074179622938320477e-03
3.600000000000000089e+00 2.000000000000000000e+00 6.000000000000000000e+00 1.543593629031223546e+00 7.754623425640927437e-04
3.799999999999999822e+00 2.000000000000000000e+00 6.000000000000000000e+00 1.589653241825963903e+00 8.255984350014067275e-04
4.000000000000000000e+00 2.000000000000000000e+00 6.000000000000000000e+00 1.622385436175141749e+00 7.336715715017261275e-04
