0.000000000000000000e+00 2.000000000000000000e+00 8.000000000000000000e+00 1.036100008441455111e+00 3.246812335465409927e-01
2.000000000000000111e-01 2.000000000000000000e+00 8.000000000000000000e+00 1.037254331965365317e+00 3.864264387322311478e-01
4.000000000000000222e-01 2.000000000000000000e+00 8.000000000000000000e+00 1.046301670834360875e+00 2.487428486300647390e-01
5.999999999999999778e-01 2.000000000000000000e+00 8.000000000000000000e+00 1.075972721305068491e+00 1.829286403483879608e-01
8.000000000000000444e-01 2.000000000000000000e+00 8.000000000000000000e+00 1.104117503098542397e+00 2.006488559155893969e-01
1.000000000000000000e+00 2.000000000000000000e+00 8.000000000000000000e+00 1.136916234365028977e+00 2.691454427691919449e-01
1.199999999999999956e+00 2.000000000000000000e+00 8.000000000000000000e+00 1.131084372871875576e+00 2.100596958592493846e-01
1.399999999999999911e+00 2.000000000000000000e+00 8.000000000000000000e+00 1.167592620295627270e+00 1.831968557878016490e-01
1.600000000000000089e+00 2.000000000000000000e+00 8.000000000000000000e+00 1.212495840064855557e+00 1.883348833697690017e-01
1.800000000000000044e+00 2.000000000000000000e+00 8.000000000000000000e+00 1.238081707327014946e+00 2.357630527782287322e-01
2.000000000000000000e+00 2.000000000000000000e+00 8.000000000000000000e+00 1.286272245393229152e+00 9.868378060156534071e-01
2.200000000000000178e+00 2.000000000000000000e+00 8.000000000000000000e+00 1.326711761355507502e+00 2.355607162706818691e-02
2.399999999999999911e+00 2.000000000000000000e+00 8.000000000000000000e+00 1.405032107311776191e+00 2.794986116308614266e-01
2.600000000000000089e+00 2.000000000000000000e+00 8.000000000000000000e+00 1.422038821259357544e+00 3.891110943957502011e-01
2.799999999999999822e+00 2.000000000000000000e+00 8.000000000000000000e+00 1.499581181596245205e+00 3.100618858570320935e-01
3.000000000000000000e+00 2.000000000000000000e+00 8.000000000000000000e+00 1.552885746308275028e+00 3.255377620828110441e-01
3.200000000000000178e+00 2.000000000000000000e+00 8.000000000000000000e+00 1.650888283987359539e+00 2.703653342225761369e-01
3.399999999999999911e+00 2.000000000000000000e+00 8.000000000000000000e+00 1.764310853659909917e+00 9.001350463503540178e-01
3.600000000000000089e+00 2.000000000000000000e+00 8.000000000000000000e+00 1.852605633841248434e+00 2.163463458692188590e-01
3.799999999999999822e+00 2.000000000000000000e+00 8.000000000000000000e+00 1.892309054606620577e+00 2.411182382519525547e-01
4.000000000000000000e+00 2.000000000000000000e+00 8.000000000000000000e+00 1.982973423414675640e+00 1.439734148448320594e-01
