0.000000000000000000e+00 1.000000000000000000e+00 1.000000000000000000e+00 1.112922137759777108e+00 4.287327068110968753e-04
2.000000000000000111e-01 1.000000000000000000e+00 1.000000000000000000e+00 1.111823884467130208e+00 4.310621713194962012e-04
4.000000000000000222e-01 1.000000000000000000e+00 1.000000000000000000e+00 1.119542952604849484e+00 3.851211152087197220e-04
5.999999999999999778e-01 1.000000000000000000e+00 1.000000000000000000e+00 1.128272831127801634e+00 4.314332820232191779e-04
8.000000000000000444e-01 1.000000000000000000e+00 1.000000000000000000e+00 1.147097442516618493e+00 4.269026080999660522e-04
1.000000000000000000e+00 1.000000000000000000e+00 1.000000000000000000e+00 1.050099129145396493e+00 8.149374663424246990e-05
1.199999999999999956e+00 1.000000000000000000e+00 1.000000000000000000e+00 1.051679696376283779e+00 1.862775981457120977e-04
1.399999999999999911e+00 1.000000000000000000e+00 1.000000000000000000e+00 1.219308003055848966e+00 3.770211415554669543e-04
1.600000000000000089e+00 1.000000000000000000e+00 1.000000000000000000e+00 1.249628286621629503e+00 4.202268162564193332e-04
1.800000000000000044e+00 1.000000000000000000e+00 1.000000000000000000e+00 1.285310698427613474e+00 4.224293214094565485e-04
2.000000000000000000e+00 1.000000000000000000e+00 1.000000000000000000e+00 1.324402126813126745e+00 3.811058169169712073e-04
2.200000000000000178e+00 1.000000000000000000e+00 1.000000000000000000e+00 1.365620684999558909e+00 3.803952406538080311e-04
2.399999999999999911e+00 1.000000000000000000e+00 1.000000000000000000e+00 1.407699170146845535e+00 4.202600445524229400e-04
2.600000000000000089e+00 1.000000000000000000e+00 1.000000000000000000e+00 1.451177604435607726e+00 2.671300513545915578e-04
2.799999999999999822e+00 1.000000000000000000e+00 1.000000000000000000e+00 1.499647715747972621e+00 4.813854725427280101e-04
3.000000000000000000e+00 1.000000000000000000e+00 1.000000000000000000e+00 1.548412547906152348e+00 2.652798173790049674e-04
3.200000000000000178e+00 1.000000000000000000e+00 1.000000000000000000e+00 1.597663193483593425e+00 9.068370349354371029e-04
3.399999999999999911e+00 1.000000000000000000e+00 1.000000000000000000e+00 1.618910574318341844e+00 7.042186437125064202e-04
3.600000000000000089e+00 1.000000000000000000e+00 1.000000000000000000e+00 1.668269788415340793e+00 5.883916738502747990e-04
3.799999999999999822e+00 1.000000000000000000e+00 1.000000000000000000e+00 1.722385969837281205e+00 7.295427878911686648e-04
4.000000000000000000e+00 1.000000000000000000e+00 1.000000000000000000e+00 1.774472173798602004e+00 6.049941814290082931e-04
