0.000000000000000000e+00 0.000000000000000000e+00 7.000000000000000000e+00 1.490145226004217616e+00 8.210000397159100682e-02
2.000000000000000111e-01 0.000000000000000000e+00 7.000000000000000000e+00 1.489320825742363574e+00 8.556373664051875050e-02
4.000000000000000222e-01 0.000000000000000000e+00 7.000000000000000000e+00 1.484832287701713938e+00 9.427098825878776900e-02
5.999999999999999778e-01 0.000000000000000000e+00 7.000000000000000000e+00 1.499652970480569891e+00 6.771937999282218179e-02
8.000000000000000444e-01 0.000000000000000000e+00 7.000000000000000000e+00 1.506935960891211401e+00 1.056315746509775000e-01
1.000000000000000000e+00 0.000000000000000000e+00 7.000000000000000000e+00 1.500199647980497542e+00 1.414268215278063900e-01
1.199999999999999956e+00 0.000000000000000000e+00 7.000000000000000000e+00 1.524800823237398184e+00 1.091991510498968587e-01
1.399999999999999911e+00 0.000000000000000000e+00 7.000000000000000000e+00 1.574374291842251417e+00 1.064669370466611031e-01
1.600000000000000089e+00 0.000000000000000000e+00 7.000000000000000000e+00 1.641916600815036986e+00 1.083097805490736976e-01
1.800000000000000044e+00 0.000000000000000000e+00 7.000000000000000000e+00 1.691228752632834453e+00 9.762138121965135973e-02
2.000000000000000000e+00 0.000000000000000000e+00 7.000000000000000000e+00 1.749899753633131105e+00 9.633359305594946242e-02
2.200000000000000178e+00 0.000000000000000000e+00 7.000000000000000000e+00 1.807394360195814231e+00 9.686156181567062706e-02
2.399999999999999911e+00 0.000000000000000000e+00 7.000000000000000000e+00 1.863565696981097641e+00 8.942177258291350572e-02
2.600000000000000089e+00 0.000000000000000000e+00 7.000000000000000000e+00 1.916810746931221221e+00 8.380485944248705632e-02
2.799999999999999822e+00 0.000000000000000000e+00 7.000000000000000000e+00 1.968117947998208717e+00 8.534125101466905061e-02
3.000000000000000000e+00 0.000000000000000000e+00 7.000000000000000000e+00 2.036492491986514164e+00 8.627727198613266424e-02
3.200000000000000178e+00 0.000000000000000000e+00 7.000000000000000000e+00 2.089587726380672805e+00 8.375488152832666344e-02
3.399999999999999911e+00 0.000000000000000000e+00 7.000000000000000000e+00 2.125859709731277025e+00 9.180625539856768214e-02
3.600000000000000089e+00 0.000000000000000000e+00 7.000000000000000000e+00 2.178242301696677874e+00 9.982561651940979885e-02
3.799999999999999822e+00 0.000000000000000000e+00 7.000000000000000000e+00 2.257366192244828262e+00 9.565025693640616389e-02
4.000000000000000000e+00 0.000000000000000000e+00 7.000000000000000000e+00 2.313436114139372002e+00 9.451994494470805641e-02
