0.000000000000000000e+00 3.000000000000000000e+00 0.000000000000000000e+00 1.193312682000532421e+00 4.285723229082327723e-02
2.000000000000000111e-01 3.000000000000000000e+00 0.000000000000000000e+00 1.180115498965113474e+00 4.470302450482332990e-02
4.000000000000000222e-01 3.000000000000000000e+00 0.000000000000000000e+00 1.044704089151792248e+00 5.788136150793876666e-03
5.999999999999999778e-01 3.000000000000000000e+00 0.000000000000000000e+00 1.203045915734157312e+00 4.573153338895052933e-02
8.000000000000000444e-01 3.000000000000000000e+00 0.000000000000000000e+00 1.222772281598928368e+00 4.548120835236990622e-02
1.000000000000000000e+00 3.000000000000000000e+00 0.000000000000000000e+00 1.249396238327297182e+00 4.519571381399134502e-02
1.199999999999999956e+00 3.000000000000000000e+00 0.000000000000000000e+00 1.279886152053470560e+00 4.527003426956144327e-02
1.399999999999999911e+00 3.000000000000000000e+00 0.000000000000000000e+00 1.317185887844893433e+00 4.471251057329395096e-02
1.600000000000000089e+00 3.000000000000000000e+00 0.000000000000000000e+00 1.352746447780608818e+00 4.549611700980815687e-02
1.800000000000000044e+00 3.000000000000000000e+00 0.000000000000000000e+00 1.391340408682865126e+00 9.945685128510017847e-03
2.000000000000000000e+00 3.000000000000000000e+00 0.000000000000000000e+00 1.430088976966380487e+00 4.759170800209011620e-02
2.200000000000000178e+00 3.000000000000000000e+00 0.000000000000000000e+00 1.475464359082787613e+00 4.715354547883554570e-02
2.399999999999999911e+00 3.000000000000000000e+00 0.000000000000000000e+00 1.520233928149415936e+00 4.924118310919156638e-02
2.600000000000000089e+00 3.000000000000000000e+00 0.000000000000000000e+00 1.563393763291095473e+00 5.003420939789982036e-02
2.799999999999999822e+00 3.000000000000000000e+00 0.000000000000000000e+00 1.619779088810024970e+00 4.877597592814841843e-02
3.000000000000000000e+00 3.000000000000000000e+00 0.000000000000000000e+00 1.673046592534437327e+00 5.012648489477078417e-02
3.200000000000000178e+00 3.000000000000000000e+00 0.000000000000000000e+00 1.730304877148473031e+00 5.538191434583117356e-03
3.399999999999999911e+00 3.000000000000000000e+00 0.000000000000000000e+00 1.787606112706658923e+00 5.115892956442436024e-02
3.600000000000000089e+00 3.000000000000000000e+00 0.000000000000000000e+00 1.843658855951542552e+00 4.941488974903152087e-02
3.799999999999999822e+00 3.000000000000000000e+00 0.000000000000000000e+00 1.907520532913790090e+00 5.136767746776293997e-02
4.000000000000000000e+00 3.000000000000000000e+00 0.000000000000000000e+00 1.963127019807587192e+00 5.254543770712283290e-02
