0.000000000000000000e+00 2.000000000000000000e+00 4.000000000000000000e+00 9.834542967724280160e-01 2.228048380659153338e-04
2.000000000000000111e-01 2.000000000000000000e+00 4.000000000000000000e+00 9.893393558970520196e-01 4.280947075890884079e-04
4.000000000000000222e-01 2.000000000000000000e+00 4.000000000000000000e+00 9.913497129328602275e-01 2.779063966537598240e-04
5.999999999999999778e-01 2.000000000000000000e+00 4.000000000000000000e+00 9.882447681672590356e-01 4.521186963604706399e-04
8.000000000000000444e-01 2.000000000000000000e+00 4.000000000000000000e+00 1.015082108513254866e+00 3.936294941306872630e-04
1.000000000000000000e+00 2.000000000000000000e+00 4.000000000000000000e+00 1.030892084672683673e+00 9.343712490919031666e-04
1.199999999999999956e+00 2.000000000000000000e+00 4.000000000000000000e+00 1.008116370137519535e+00 3.806477566481447639e-07
1.399999999999999911e+00 2.000000000000000000e+00 4.000000000000000000e+00 1.019767932077206396e+00 5.176224357903436157e-04
1.600000000000000089e+00 2.000000000000000000e+00 4.000000000000000000e+00 1.054310433034918448e+00 1.509529541010579123e-05
1.800000000000000044e+00 2.000000000000000000e+00 4.000000000000000000e+00 1.082778624189551397e+00 4.962729734139248450e-04
2.000000000000000000e+00 2.000000000000000000e+00 4.000000000000000000e+00 1.113731435661537983e+00 4.155571880333219781e-04
2.200000000000000178e+00 2.000000000000000000e+00 4.000000000000000000e+00 1.150635939545359587e+00 4.952225933360088206e-04
2.399999999999999911e+00 2.000000000000000000e+00 4.000000000000000000e+00 1.192542324947348797e+00 3.981555622312171749e-04
2.600000000000000089e+00 2.000000000000000000e+00 4.000000000000000000e+00 1.231123464433023784e+00 3.618429376406329112e-05
2.799999999999999822e+00 2.000000000000000000e+00 4.000000000000000000e+00 1.278479479528394247e+00 1.039807568448125608e-05
3.000000000000000000e+00 2.000000000000000000e+00 4.000000000000000000e+00 1.321943586366771228e+00 3.874284775617908849e-04
3.200000000000000178e+00 2.000000000000000000e+00 4.000000000000000000e+00 1.365745743722487360e+00 4.538807930647426048e-04
3.399999999999999911e+00 2.000000000000000000e+00 4.000000000000000000e+00 1.411375808930009246e+00 4.549435587578587459e-04
3.600000000000000089e+00 2.000000000000000000e+00 4.000000000000000000e+00 1.465762493241811626e+00 1.456231479935454765e-03
3.799999999999999822e+00 2.000000000000000000e+00 4.000000000000000000e+00 1.512798554464265699e+00 5.310262874458349103e-05
4.000000000000000000e+00 2.000000000000000000e+00 4.000000000000000000e+00 1.564648561635404889e+00 3.841927134726752513e-04
