0.000000000000000000e+00 1.000000000000000000e+00 8.000000000000000000e+00 1.331488326263184252e+00 2.761719367515902412e-03
2.000000000000000111e-01 1.000000000000000000e+00 8.000000000000000000e+00 1.369944709610031452e+00 4.048369553492747741e-03
4.000000000000000222e-01 1.000000000000000000e+00 8.000000000000000000e+00 1.383999807638419011e+00 2.104512237836364541e-03
5.999999999999999778e-01 1.000000000000000000e+00 8.000000000000000000e+00 1.383138793768365904e+00 2.120299814580062225e-03
8.000000000000000444e-01 1.000000000000000000e+00 8.000000000000000000e+00 1.547677199842681262e+00 1.893277400721316006e-03
1.000000000000000000e+00 1.000000000000000000e+00 8.000000000000000000e+00 1.449723157217527314e+00 3.681500768024092984e-03
1.199999999999999956e+00 1.000000000000000000e+00 8.000000000000000000e+00 1.461468594036703816e+00 3.828319245152367323e-03
1.399999999999999911e+00 1.000000000000000000e+00 8.000000000000000000e+00 1.501371179749578788e+00 3.493016106010604638e-03
1.600000000000000089e+00 1.000000000000000000e+00 8.000000000000000000e+00 1.543323582376679326e+00 2.075608544394480504e-03
1.800000000000000044e+00 1.000000000000000000e+00 8.000000000000000000e+00 1.597791793220470602e+00 1.027442382033338930e-04
2.000000000000000000e+00 1.000000000000000000e+00 8.000000000000000000e+00 1.620789558941437392e+00 3.129698546728287845e-03
2.200000000000000178e+00 1.000000000000000000e+00 8.000000000000000000e+00 1.649501587586473805e+00 3.531809172781286144e-03
2.399999999999999911e+00 1.000000000000000000e+00 8.000000000000000000e+00 1.706262376791045643e+00 3.462585612567403714e-03
2.600000000000000089e+00 1.000000000000000000e+00 8.000000000000000000e+00 1.752449683750995746e+00 3.191153850749195442e-03
2.799999999999999822e+00 1.000000000000000000e+00 8.000000000000000000e+00 1.765223623571743783e+00 3.666335605221671123e-03
3.000000000000000000e+00 1.000000000000000000e+00 8.000000000000000000e+00 1.829520391749015928e+00 3.795834996799030137e-03
3.200000000000000178e+00 1.000000000000000000e+00 8.000000000000000000e+00 1.861587650814386485e+00 1.018006689756933980e-05
3.399999999999999911e+00 1.000000000000000000e+00 8.000000000000000000e+00 1.899197877126931333e+00 3.954662573266931602e-03
3.600000000000000089e+00 1.000000000000000000e+00 8.000000000000000000e+00 1.909463053644798736e+00 4.702346987834560288e-03
3.799999999999999822e+00 1.000000000000000000e+00 8.000000000000000000e+00 1.934987923875783444e+00 7.656872370025769037e-03
4.000000000000000000e+00 1.000000000000000000e+00 8.000000000000000000e+00 2.015926831313141321e+00 5.414141474631151141e-03
