0.000000000000000000e+00 3.000000000000000000e+00 8.000000000000000000e+00 1.849959964974676296e+00 3.006795920800866551e-01
2.000000000000000111e-01 3.000000000000000000e+00 8.000000000000000000e+00 1.876320933484375564e+00 3.286609728653244744e-01
4.000000000000000222e-01 3.000000000000000000e+00 8.000000000000000000e+00 1.920497006118628391e+00 2.530655018850630489e-01
5.999999999999999778e-01 3.000000000000000000e+00 8.000000000000000000e+00 2.005630407755960576e+00 2.720631831711964876e-01
8.000000000000000444e-01 3.000000000000000000e+00 8.000000000000000000e+00 2.003277301515567821e+00 2.593017703764552984e-01
1.000000000000000000e+00 3.000000000000000000e+00 8.000000000000000000e+00 2.064978939954720261e+00 2.751871881309010393e-01
1.199999999999999956e+00 3.000000000000000000e+00 8.000000000000000000e+00 2.171062584590572442e+00 2.671755185714898007e-01
1.399999999999999911e+00 3.000000000000000000e+00 8.000000000000000000e+00 2.238208863690908768e+00 2.825060727860566612e-01
1.600000000000000089e+00 3.000000000000000000e+00 8.000000000000000000e+00 2.265703867046585884e+00 2.931736755947795814e-01
1.800000000000000044e+00 3.000000000000000000e+00 8.000000000000000000e+00 2.356749411421374507e+00 3.167876784111602895e-01
2.000000000000000000e+00 3.000000000000000000e+00 8.000000000000000000e+00 2.416930100458198893e+00 3.381059403367245864e-01
2.200000000000000178e+00 3.000000000000000000e+00 8.000000000000000000e+00 2.515478377497291529e+00 3.724847556385417757e-01
2.399999999999999911e+00 3.000000000000000000e+00 8.000000000000000000e+00 2.629329413419740469e+00 3.982361376052820923e-01
2.600000000000000089e+00 3.000000000000000000e+00 8.000000000000000000e+00 2.626727314140584468e+00 3.986876191834354266e-01
2.799999999999999822e+00 3.000000000000000000e+00 8.000000000000000000e+00 2.815026655886803120e+00 4.343425971521817086e-01
3.000000000000000000e+00 3.000000000000000000e+00 8.000000000000000000e+00 2.954080724735106855e+00 4.691486148862611394e-01
3.200000000000000178e+00 3.000000000000000000e+00 8.000000000000000000e+00 3.150571033604068205e+00 4.991090159780005031e-01
3.399999999999999911e+00 3.000000000000000000e+00 8.000000000000000000e+00 3.463994975576900615e+00 9.928894805503638565e-01
3.600000000000000089e+00 3.000000000000000000e+00 8.000000000000000000e+00 3.726529237608042777e+00 4.508644246056561222e-01
3.799999999999999822e+00 3.000000000000000000e+00 8.000000000000000000e+00 3.943303650737962407e+00 5.971568730959826432e-01
4.000000000000000000e+00 3.000000000000000000e+00 8.000000000000000000e+00 4.262928083236557697e+00 5.964211867463833361e-01
