0.000000000000000000e+00 2.000000000000000000e+00 2.000000000000000000e+00 9.497711430224786699e-01 3.179291280701324052e-02
2.000000000000000111e-01 2.000000000000000000e+00 2.000000000000000000e+00 9.513792279936289509e-01 3.180477244167118078e-02
4.000000000000000222e-01 2.000000000000000000e+00 2.000000000000000000e+00 9.606479453788557832e-01 1.448339343205096164e-02
5.999999999999999778e-01 2.000000000000000000e+00 2.000000000000000000e+00 9.753578493100140134e-01 3.137210853562055757e-02
8.000000000000000444e-01 2.000000000000000000e+00 2.000000000000000000e+00 9.900212156812010500e-01 3.147492085147640672e-02
1.000000000000000000e+00 2.000000000000000000e+00 2.000000000000000000e+00 1.015157666771537404e+00 3.077505004776626141e-02
1.199999999999999956e+00 2.000000000000000000e+00 2.000000000000000000e+00 1.035774959150425722e+00 2.813831725299698050e-02
1.399999999999999911e+00 2.000000000000000000e+00 2.000000000000000000e+00 1.064475215005553643e+00 3.087321508487472776e-02
1.600000000000000089e+00 2.000000000000000000e+00 2.000000000000000000e+00 1.093219756602876291e+00 3.128113476863925158e-02
1.800000000000000044e+00 2.000000000000000000e+00 2.000000000000000000e+00 1.136264451180872825e+00 3.044964709523423352e-02
2.000000000000000000e+00 2.000000000000000000e+00 2.000000000000000000e+00 1.170675714729371153e+00 3.088283355956122911e-02
2.200000000000000178e+00 2.000000000000000000e+00 2.000000000000000000e+00 1.206080940244295130e+00 3.128994263202700132e-02
2.399999999999999911e+00 2.000000000000000000e+00 2.000000000000000000e+00 1.251649953503183310e+00 3.117927180067425752e-02
2.600000000000000089e+00 2.000000000000000000e+00 2.000000000000000000e+00 1.291379457804828323e+00 3.154002435676428462e-02
2.799999999999999822e+00 2.000000000000000000e+00 2.000000000000000000e+00 1.341504205360398716e+00 2.972418716195135424e-02
3.000000000000000000e+00 2.000000000000000000e+00 2.000000000000000000e+00 1.388018286018241731e+00 2.875637618875770407e-02
3.200000000000000178e+00 2.000000000000000000e+00 2.000000000000000000e+00 1.437434324115934858e+00 3.249513687794824968e-02
3.399999999999999911e+00 2.000000000000000000e+00 2.000000000000000000e+00 1.487295487827172025e+00 2.966808471176862749e-02
3.600000000000000089e+00 2.000000000000000000e+00 2.000000000000000000e+00 1.534613639692565812e+00 3.392292571194854833e-02
3.799999999999999822e+00 2.000000000000000000e+00 2.000000000000000000e+00 1.582649147965796033e+00 3.471163418704759085e-02
4.000000000000000000e+00 2.000000000000000000e+00 2.000000000000000000e+00 1.640142112186924184e+00 3.254471956808757671e-02
