0.000000000000000000e+00 2.000000000000000000e+00 1.000000000000000000e+00 1.023899771001174352e+00 3.100316361870358861e-02
2.000000000000000111e-01 2.000000000000000000e+00 1.000000000000000000e+00 1.026775594176088102e+00 2.923065713356232109e-02
4.000000000000000222e-01 2.000000000000000000e+00 1.000000000000000000e+00 1.035088994840717813e+00 2.883577002071890938e-02
5.999999999999999778e-01 2.000000000000000000e+00 1.000000000000000000e+00 1.039373421164924594e+00 8.599478767037371796e-04
8.000000000000000444e-01 2.000000000000000000e+00 1.000000000000000000e+00 1.042044835568784578e+00 3.108368016782825372e-02
1.000000000000000000e+00 2.000000000000000000e+00 1.000000000000000000e+00 1.084261794334123730e+00 3.029867267686059407e-02
1.199999999999999956e+00 2.000000000000000000e+00 1.000000000000000000e+00 1.052960453785630079e+00 8.431560026905815519e-04
1.399999999999999911e+00 2.000000000000000000e+00 1.000000000000000000e+00 1.132642627175759475e+00 3.115924398798342043e-02
1.600000000000000089e+00 2.000000000000000000e+00 1.000000000000000000e+00 1.161874982845708670e+00 3.162168418268918035e-02
1.800000000000000044e+00 2.000000000000000000e+00 1.000000000000000000e+00 1.196896099700571092e+00 3.156943091937292056e-02
2.000000000000000000e+00 2.000000000000000000e+00 1.000000000000000000e+00 1.231651742214765477e+00 3.172704617894961387e-02
2.200000000000000178e+00 2.000000000000000000e+00 1.000000000000000000e+00 1.273761812924109060e+00 3.059081243706496256e-02
2.399999999999999911e+00 2.000000000000000000e+00 1.000000000000000000e+00 1.318702228015350419e+00 2.966217701641926663e-02
2.600000000000000089e+00 2.000000000000000000e+00 1.000000000000000000e+00 1.363356006481479810e+00 3.018504004353583792e-02
2.799999999999999822e+00 2.000000000000000000e+00 1.000000000000000000e+00 1.414083724187637614e+00 3.030918200370236182e-02
3.000000000000000000e+00 2.000000000000000000e+00 1.000000000000000000e+00 1.464567605804250050e+00 3.354980127336326667e-02
3.200000000000000178e+00 2.000000000000000000e+00 1.000000000000000000e+00 1.511629583172368063e+00 3.375280468949004575e-02
3.399999999999999911e+00 2.000000000000000000e+00 1.000000000000000000e+00 1.560576087285263647e+00 3.442487265010374387e-02
3.600000000000000089e+00 2.000000000000000000e+00 1.000000000000000000e+00 1.611614085308658684e+00 3.501539942364684244e-02
3.799999999999999822e+00 2.000000000000000000e+00 1.000000000000000000e+00 1.668743485577966368e+00 3.496757859125954049e-02
4.000000000000000000e+00 2.000000000000000000e+00 1.000000000000000000e+00 1.720841362333283442e+00 3.567900765596987434e-02
