0.000000000000000000e+00 0.000000000000000000e+00 3.000000000000000000e+00 1.506577296846484115e+00 7.910048606629693779e-04
2.000000000000000111e-01 0.000000000000000000e+00 3.000000000000000000e+00 1.508247789345025680e+00 6.223580254113292298e-04
4.000000000000000222e-01 0.000000000000000000e+00 3.000000000000000000e+00 1.512633352951405108e+00 6.956283731458512420e-04
5.999999999999999778e-01 0.000000000000000000e+00 3.000000000000000000e+00 1.509718500206842950e+00 9.055162680867701042e-04
8.000000000000000444e-01 0.000000000000000000e+00 3.000000000000000000e+00 1.536691111244687935e+00 7.467979659939727455e-04
1.000000000000000000e+00 0.000000000000000000e+00 3.000000000000000000e+00 1.563742846983555257e+00 7.427056477702365100e-04
1.199999999999999956e+00 0.000000000000000000e+00 3.000000000000000000e+00 1.588016508979849251e+00 3.692553040415824661e-03
1.399999999999999911e+00 0.000000000000000000e+00 3.000000000000000000e+00 1.632115060293406472e+00 2.075431983867837005e-04
1.600000000000000089e+00 0.000000000000000000e+00 3.000000000000000000e+00 1.669743871503859722e+00 9.852709187035957328e-04
1.800000000000000044e+00 0.000000000000000000e+00 3.000000000000000000e+00 1.701064385043149496e+00 8.115190679340855695e-04
2.000000000000000000e+00 0.000000000000000000e+00 3.000000000000000000e+00 1.737968301191197273e+00 9.081963723724939541e-04
2.200000000000000178e+00 0.000000000000000000e+00 3.000000000000000000e+00 1.812277314775124770e+00 5.931580097724431511e-04
2.399999999999999911e+00 0.000000000000000000e+00 3.000000000000000000e+00 1.865227297485080982e+00 1.727276073818506674e-04
2.600000000000000089e+00 0.000000000000000000e+00 3.000000000000000000e+00 1.917809342117057891e+00 6.181108194760476238e-04
2.799999999999999822e+00 0.000000000000000000e+00 3.000000000000000000e+00 1.980637036374792270e+00 5.579047322826768962e-04
3.000000000000000000e+00 0.000000000000000000e+00 3.000000000000000000e+00 2.036279589910395593e+00 5.364504908775824532e-04
3.200000000000000178e+00 0.000000000000000000e+00 3.000000000000000000e+00 2.084048383907671109e+00 2.297699943087927466e-04
3.399999999999999911e+00 0.000000000000000000e+00 3.000000000000000000e+00 2.152636857695026773e+00 1.116518343877714869e-04
3.600000000000000089e+00 0.000000000000000000e+00 3.000000000000000000e+00 2.206595825150905910e+00 1.631424371311140931e-04
3.799999999999999822e+00 0.000000000000000000e+00 3.000000000000000000e+00 2.268012426806759851e+00 7.035174988399006679e-04
4.000000000000000000e+00 0.000000000000000000e+00 3.000000000000000000e+00 2.340636822625801194e+00 5.466029934602101292e-04
