0.000000000000000000e+00 1.000000000000000000e+00 4.000000000000000000e+00 9.793658195127752375e-01 6.625387571984608925e-05
2.000000000000000111e-01 1.000000000000000000e+00 4.000000000000000000e+00 9.809094725581551932e-01 2.672297442760096509e-04
4.000000000000000222e-01 1.000000000000000000e+00 4.000000000000000000e+00 9.924219759796459872e-01 3.462586039559845119e-06
5.999999999999999778e-01 1.000000000000000000e+00 4.000000000000000000e+00 1.001871496418921259e+00 2.663099671427193726e-04
8.000000000000000444e-01 1.000000000000000000e+00 4.000000000000000000e+00 1.016668058621559734e+00 7.754479699334515530e-04
1.000000000000000000e+00 1.000000000000000000e+00 4.000000000000000000e+00 1.002566403481550683e+00 1.581858943349168101e-04
1.199999999999999956e+00 1.000000000000000000e+00 4.000000000000000000e+00 1.058922201705177368e+00 8.248723281574221744e-04
1.399999999999999911e+00 1.000000000000000000e+00 4.000000000000000000e+00 1.087715598573801401e+00 2.886046776615636134e-04
1.600000000000000089e+00 1.000000000000000000e+00 4.000000000000000000e+00 1.093878563903862844e+00 4.844263169199169994e-04
1.800000000000000044e+00 1.000000000000000000e+00 4.000000000000000000e+00 1.136833148951617023e+00 3.535269564295395739e-04
2.000000000000000000e+00 1.000000000000000000e+00 4.000000000000000000e+00 1.177861445584685862e+00 4.346162698898314858e-04
2.200000000000000178e+00 1.000000000000000000e+00 4.000000000000000000e+00 1.225383273259527117e+00 3.288818884321642599e-04
2.399999999999999911e+00 1.000000000000000000e+00 4.000000000000000000e+00 1.265228068899258984e+00 2.890381275097997360e-04
2.600000000000000089e+00 1.000000000000000000e+00 4.000000000000000000e+00 1.306466743006246656e+00 3.011388152298621890e-04
2.799999999999999822e+00 1.000000000000000000e+00 4.000000000000000000e+00 1.347298671398149850e+00 3.208364052686984991e-04
3.000000000000000000e+00 1.000000000000000000e+00 4.000000000000000000e+00 1.395032978481093977e+00 3.000838771235470048e-04
3.200000000000000178e+00 1.000000000000000000e+00 4.000000000000000000e+00 1.437073455786160858e+00 2.806852146114424684e-04
3.399999999999999911e+00 1.000000000000000000e+00 4.000000000000000000e+00 1.483132832271751855e+00 3.249875802513457757e-04
3.600000000000000089e+00 1.000000000000000000e+00 4.000000000000000000e+00 1.527234647709135862e+00 2.936585985000572663e-04
3.799999999999999822e+00 1.000000000000000000e+00 4.000000000000000000e+00 1.577404284933316969e+00 1.740100953713241694e-04
4.000000000000000000e+00 1.000000000000000000e+00 4.000000000000000000e+00 1.625916313344931696e+00 3.032987076704296570e-04
