0.000000000000000000e+00 1.000000000000000000e+00 0.000000000000000000e+00 1.051067961919578408e+00 3.811220254425284892e-02
2.000000000000000111e-01 1.000000000000000000e+00 0.000000000000000000e+00 1.050120366682901762e+00 3.836857087581679870e-02
4.000000000000000222e-01 1.000000000000000000e+00 0.000000000000000000e+00 1.060004014431312758e+00 3.492922487144944910e-02
5.999999999999999778e-01 1.000000000000000000e+00 0.000000000000000000e+00 1.047433495904325218e+00 2.853124567933518207e-03
8.000000000000000444e-01 1.000000000000000000e+00 0.000000000000000000e+00 1.101722373995550175e+00 3.657031131325172435e-02
1.000000000000000000e+00 1.000000000000000000e+00 0.000000000000000000e+00 1.046007178622352818e+00 1.077141009679150052e-03
1.199999999999999956e+00 1.000000000000000000e+00 0.000000000000000000e+00 1.150960020727002764e+00 3.668944128444129316e-02
1.399999999999999911e+00 1.000000000000000000e+00 0.000000000000000000e+00 1.175445461826968296e+00 3.739614447621719684e-02
1.600000000000000089e+00 1.000000000000000000e+00 0.000000000000000000e+00 1.204587121300679797e+00 3.818685314528480479e-02
1.800000000000000044e+00 1.000000000000000000e+00 0.000000000000000000e+00 1.247841650072930575e+00 3.803385727880415068e-02
2.000000000000000000e+00 1.000000000000000000e+00 0.000000000000000000e+00 1.288030491286816792e+00 3.585223960011041378e-02
2.200000000000000178e+00 1.000000000000000000e+00 0.000000000000000000e+00 1.335031259599366305e+00 3.574600736600574979e-02
2.399999999999999911e+00 1.000000000000000000e+00 0.000000000000000000e+00 1.378643512137213145e+00 3.679876908698043181e-02
2.600000000000000089e+00 1.000000000000000000e+00 0.000000000000000000e+00 1.429249008341171301e+00 4.129487320697233788e-02
2.799999999999999822e+00 1.000000000000000000e+00 0.000000000000000000e+00 1.481702648302247294e+00 3.758817347577259049e-02
3.000000000000000000e+00 1.000000000000000000e+00 0.000000000000000000e+00 1.540522838758627167e+00 3.783078355345670385e-02
3.200000000000000178e+00 1.000000000000000000e+00 0.000000000000000000e+00 1.595996376970253428e+00 4.206813939815301495e-02
3.399999999999999911e+00 1.000000000000000000e+00 0.000000000000000000e+00 1.644395715116569345e+00 3.730168099281416794e-02
3.600000000000000089e+00 1.000000000000000000e+00 0.000000000000000000e+00 1.703999443380872059e+00 4.380175308619893570e-02
3.799999999999999822e+00 1.000000000000000000e+00 0.000000000000000000e+00 1.758793017420568372e+00 4.153097633294366986e-02
4.000000000000000000e+00 1.000000000000000000e+00 0.000000000000000000e+00 1.819045263662876888e+00 4.532443647365747008e-02
