0.000000000000000000e+00 0.000000000000000000e+00 8.000000000000000000e+00 1.692981248107272130e+00 2.392486111829486006e+00
2.000000000000000111e-01 0.000000000000000000e+00 8.000000000000000000e+00 1.698331692787649505e+00 4.301164349670866249e-01
4.000000000000000222e-01 0.000000000000000000e+00 8.000000000000000000e+00 1.707869580525966935e+00 4.379220567069179726e-01
5.999999999999999778e-01 0.000000000000000000e+00 8.000000000000000000e+00 1.728567102178441672e+00 5.270994115131986124e-01
8.000000000000000444e-01 0.000000000000000000e+00 8.000000000000000000e+00 1.878161257670802886e+00 3.188037437522253104e-01
1.000000000000000000e+00 0.000000000000000000e+00 8.000000000000000000e+00 1.920583622549274061e+00 2.421336623307259739e-01
1.199999999999999956e+00 0.000000000000000000e+00 8.000000000000000000e+00 1.975109977037532438e+00 2.399628674074297807e-01
1.399999999999999911e+00 0.000000000000000000e+00 8.000000000000000000e+00 2.063303220215254363e+00 2.351799875429749775e-01
1.600000000000000089e+00 0.000000000000000000e+00 8.000000000000000000e+00 2.173866628087841590e+00 2.551746938097793072e-01
1.800000000000000044e+00 0.000000000000000000e+00 8.000000000000000000e+00 2.247281648071108417e+00 2.665523182941872404e-01
2.000000000000000000e+00 0.000000000000000000e+00 8.000000000000000000e+00 2.377041159185806496e+00 2.706616109079917898e-01
2.200000000000000178e+00 0.000000000000000000e+00 8.000000000000000000e+00 2.448198285485958081e+00 2.490933398775512231e-01
2.399999999999999911e+00 0.000000000000000000e+00 8.000000000000000000e+00 2.630236617303131297e+00 2.781019080596569548e-01
2.600000000000000089e+00 0.000000000000000000e+00 8.000000000000000000e+00 2.431510080640755245e+00 5.439274849755972863e-01
2.799999999999999822e+00 0.000000000000000000e+00 8.000000000000000000e+00 2.479862038229577514e+00 3.107176324538168721e+00
3.000000000000000000e+00 0.000000000000000000e+00 8.000000000000000000e+00 2.674455204956832866e+00 3.511929082026339355e+00
3.200000000000000178e+00 0.000000000000000000e+00 8.000000000000000000e+00 2.780759458760957425e+00 3.376178059212378901e+00
3.399999999999999911e+00 0.000000000000000000e+00 8.000000000000000000e+00 2.957262200224107573e+00 2.155248025779029408e+00
3.600000000000000089e+00 0.000000000000000000e+00 8.000000000000000000e+00 3.200134679291496198e+00 1.433121513522664703e+00
3.799999999999999822e+00 0.000000000000000000e+00 8.000000000000000000e+00 3.291911697037987139e+00 3.908137381913338260e+00
4.000000000000000000e+00 0.000000000000000000e+00 8.000000000000000000e+00 3.551112674810209313e+00 3.075213283638968953e-01
