0.000000000000000000e+00 0.000000000000000000e+00 5.000000000000000000e+00 1.382720906017487650e+00 1.291297755594000840e-03
2.000000000000000111e-01 0.000000000000000000e+00 5.000000000000000000e+00 1.390981906623193209e+00 8.877357084999815129e-04
4.000000000000000222e-01 0.000000000000000000e+00 5.000000000000000000e+00 1.401828022803475182e+00 8.661328816403912612e-04
5.999999999999999778e-01 0.000000000000000000e+00 5.000000000000000000e+00 1.408331159080795203e+00 1.095521898546669703e-03
8.000000000000000444e-01 0.000000000000000000e+00 5.000000000000000000e+00 1.443800359885416995e+00 2.673201948718562093e-04
1.000000000000000000e+00 0.000000000000000000e+00 5.000000000000000000e+00 1.413191842988708480e+00 9.984726437715085723e-04
1.199999999999999956e+00 0.000000000000000000e+00 5.000000000000000000e+00 1.468128429376400756e+00 8.693660158524130210e-04
1.399999999999999911e+00 0.000000000000000000e+00 5.000000000000000000e+00 1.475602418828458440e+00 2.323612834677635242e-03
1.600000000000000089e+00 0.000000000000000000e+00 5.000000000000000000e+00 1.498906427874682201e+00 9.674571549878052679e-04
1.800000000000000044e+00 0.000000000000000000e+00 5.000000000000000000e+00 1.554068938095039432e+00 8.742415307672057878e-04
2.000000000000000000e+00 0.000000000000000000e+00 5.000000000000000000e+00 1.582704474279956308e+00 5.835811199661478099e-04
2.200000000000000178e+00 0.000000000000000000e+00 5.000000000000000000e+00 1.626359472523558614e+00 1.130183401540918453e-03
2.399999999999999911e+00 0.000000000000000000e+00 5.000000000000000000e+00 1.633838725385843738e+00 1.069247326548339316e-03
2.600000000000000089e+00 0.000000000000000000e+00 5.000000000000000000e+00 1.677298418889802134e+00 1.139697174657561263e-03
2.799999999999999822e+00 0.000000000000000000e+00 5.000000000000000000e+00 1.714118660388610049e+00 1.182732783972184620e-03
3.000000000000000000e+00 0.000000000000000000e+00 5.000000000000000000e+00 1.760016038777713732e+00 1.207859117008713845e-03
3.200000000000000178e+00 0.000000000000000000e+00 5.000000000000000000e+00 1.818013818690296546e+00 1.089310464162940306e-03
3.399999999999999911e+00 0.000000000000000000e+00 5.000000000000000000e+00 1.864943215859019565e+00 1.168186529011405739e-03
3.600000000000000089e+00 0.000000000000000000e+00 5.000000000000000000e+00 1.934691139626738998e+00 1.078861557010091232e-03
3.799999999999999822e+00 0.000000000000000000e+00 5.000000000000000000e+00 1.978281857943191113e+00 1.080860252601345550e-03
4.000000000000000000e+00 0.000000000000000000e+00 5.000000000000000000e+00 2.046008691952498904e+00 1.066059389157381077e-03
