0.000000000000000000e+00 1.000000000000000000e+00 7.000000000000000000e+00 1.059009992888005236e+00 1.293707382073350232e-03
2.000000000000000111e-01 1.000000000000000000e+00 7.000000000000000000e+00 1.053365809608902692e+00 3.373980708167856335e-04
4.000000000000000222e-01 1.000000000000000000e+00 7.000000000000000000e+00 1.028473798342183221e+00 1.427713073495207041e-03
5.999999999999999778e-01 1.000000000000000000e+00 7.000000000000000000e+00 1.055794962820845839e+00 7.281943426369341665e-04
8.000000000000000444e-01 1.000000000000000000e+00 7.000000000000000000e+00 1.118797897986232304e+00 6.980558987240703672e-04
1.000000000000000000e+00 1.000000000000000000e+00 7.000000000000000000e+00 1.147485504640584519e+00 6.769533896081592061e-04
1.199999999999999956e+00 1.000000000000000000e+00 7.000000000000000000e+00 1.178434200626723882e+00 6.684229451034973124e-04
1.399999999999999911e+00 1.000000000000000000e+00 7.000000000000000000e+00 1.203148605752981659e+00 6.873176718339424340e-04
1.600000000000000089e+00 1.000000000000000000e+00 7.000000000000000000e+00 1.245208690055747969e+00 9.241000125287390787e-04
1.800000000000000044e+00 1.000000000000000000e+00 7.000000000000000000e+00 1.290489679492003550e+00 8.969552624266130536e-04
2.000000000000000000e+00 1.000000000000000000e+00 7.000000000000000000e+00 1.334916563010717816e+00 5.781941346713059815e-04
2.200000000000000178e+00 1.000000000000000000e+00 7.000000000000000000e+00 1.379033348818627935e+00 5.557006403029696173e-04
2.399999999999999911e+00 1.000000000000000000e+00 7.000000000000000000e+00 1.411939306073438649e+00 7.904121667043906285e-04
2.600000000000000089e+00 1.000000000000000000e+00 7.000000000000000000e+00 1.451826720772396717e+00 8.243533440847050642e-04
2.799999999999999822e+00 1.000000000000000000e+00 7.000000000000000000e+00 1.507319645417361631e+00 5.859140615627200788e-04
3.000000000000000000e+00 1.000000000000000000e+00 7.000000000000000000e+00 1.552456806815032397e+00 7.315057629790899796e-04
3.200000000000000178e+00 1.000000000000000000e+00 7.000000000000000000e+00 1.598103609882488563e+00 6.098967822909528991e-04
3.399999999999999911e+00 1.000000000000000000e+00 7.000000000000000000e+00 1.638191965856831134e+00 8.378922689733503404e-04
3.600000000000000089e+00 1.000000000000000000e+00 7.000000000000000000e+00 1.677434868007375846e+00 6.996374074322853076e-04
3.799999999999999822e+00 1.000000000000000000e+00 7.000000000000000000e+00 1.732442197577721998e+00 6.976887028070644092e-04
4.000000000000000000e+00 1.000000000000000000e+00 7.000000000000000000e+00 1.775759143175376087e+00 9.268073800478004998e-04
