0.000000000000000000e+00 0.000000000000000000e+00 0.000000000000000000e+00 1.332011099751125860e+00 5.867358976737735432e-04
2.000000000000000111e-01 0.000000000000000000e+00 0.000000000000000000e+00 1.338673660509182461e+00 5.814080125197129689e-04
4.000000000000000222e-01 0.000000000000000000e+00 0.000000000000000000e+00 1.342067080966713455e+00 6.323423525728122385e-04
5.999999999999999778e-01 0.000000000000000000e+00 0.000000000000000000e+00 1.351697275204126747e+00 6.488234409620652343e-04
8.000000000000000444e-01 0.000000000000000000e+00 0.000000000000000000e+00 1.370113197859888388e+00 6.207607325203756687e-04
1.000000000000000000e+00 0.000000000000000000e+00 0.000000000000000000e+00 1.396016277270847317e+00 6.266693961313185568e-04
1.199999999999999956e+00 0.000000000000000000e+00 0.000000000000000000e+00 1.413124327177405881e+00 5.786279818790207585e-04
1.399999999999999911e+00 0.000000000000000000e+00 0.000000000000000000e+00 1.432888551317571535e+00 5.766735021278668327e-04
1.600000000000000089e+00 0.000000000000000000e+00 0.000000000000000000e+00 1.462856361949651074e+00 6.585464296241516635e-04
1.800000000000000044e+00 0.000000000000000000e+00 0.000000000000000000e+00 1.488195479823933853e+00 6.163006232717815891e-04
2.000000000000000000e+00 0.000000000000000000e+00 0.000000000000000000e+00 1.518508022971190030e+00 6.202184958670198256e-04
2.200000000000000178e+00 0.000000000000000000e+00 0.000000000000000000e+00 1.553388671494504436e+00 6.285790523212764214e-04
2.399999999999999911e+00 0.000000000000000000e+00 0.000000000000000000e+00 1.582947530282684534e+00 7.869274140781534754e-04
2.600000000000000089e+00 0.000000000000000000e+00 0.000000000000000000e+00 1.619734335022906535e+00 7.283721542342691535e-04
2.799999999999999822e+00 0.000000000000000000e+00 0.000000000000000000e+00 1.657716857282221401e+00 6.948636847686762152e-04
3.000000000000000000e+00 0.000000000000000000e+00 0.000000000000000000e+00 1.699852979111948326e+00 9.900918514638146206e-04
3.200000000000000178e+00 0.000000000000000000e+00 0.000000000000000000e+00 1.736813075620186719e+00 8.221157668036882527e-04
3.399999999999999911e+00 0.000000000000000000e+00 0.000000000000000000e+00 1.775615093769782327e+00 5.204457434796139204e-03
3.600000000000000089e+00 0.000000000000000000e+00 0.000000000000000000e+00 1.839591151727697493e+00 1.708026723330258179e-03
3.799999999999999822e+00 0.000000000000000000e+00 0.000000000000000000e+00 1.880111988426802050e+00 1.977480527054487069e-03
4.000000000000000000e+00 0.000000000000000000e+00 0.000000000000000000e+00 1.929735991145759000e+00 1.123022792018368854e-03
