0.000000000000000000e+00 1.000000000000000000e+00 2.000000000000000000e+00 9.502832113570519601e-01 2.913567653730159135e-02
2.000000000000000111e-01 1.000000000000000000e+00 2.000000000000000000e+00 9.531985207195159404e-01 2.624718764152461636e-02
4.000000000000000222e-01 1.000000000000000000e+00 2.000000000000000000e+00 9.654593995604515699e-01 2.895599022112727017e-02
5.999999999999999778e-01 1.000000000000000000e+00 2.000000000000000000e+00 9.763307696909256927e-01 2.902565241486998460e-02
8.000000000000000444e-01 1.000000000000000000e+00 2.000000000000000000e+00 9.951229233827352250e-01 2.891033911367801856e-02
1.000000000000000000e+00 1.000000000000000000e+00 2.000000000000000000e+00 1.019788601958737218e+00 2.836152369716843369e-02
1.199999999999999956e+00 1.000000000000000000e+00 2.000000000000000000e+00 1.040936144504946537e+00 1.490250959501615569e-04
1.399999999999999911e+00 1.000000000000000000e+00 2.000000000000000000e+00 1.074299950937092074e+00 2.522578972625122429e-02
1.600000000000000089e+00 1.000000000000000000e+00 2.000000000000000000e+00 1.105653287842635724e+00 2.802619015179164119e-02
1.800000000000000044e+00 1.000000000000000000e+00 2.000000000000000000e+00 1.140534016413384810e+00 2.772532347588030355e-02
2.000000000000000000e+00 1.000000000000000000e+00 2.000000000000000000e+00 1.174901503338396935e+00 2.792176292504444657e-02
2.200000000000000178e+00 1.000000000000000000e+00 2.000000000000000000e+00 1.216635107178781094e+00 2.764003324021868657e-02
2.399999999999999911e+00 1.000000000000000000e+00 2.000000000000000000e+00 1.258462779772182571e+00 2.523177364096951258e-02
2.600000000000000089e+00 1.000000000000000000e+00 2.000000000000000000e+00 1.307278613112254906e+00 2.764627400262587020e-02
2.799999999999999822e+00 1.000000000000000000e+00 2.000000000000000000e+00 1.350106900261236031e+00 2.581081023215714421e-02
3.000000000000000000e+00 1.000000000000000000e+00 2.000000000000000000e+00 1.399761879682777543e+00 2.602350911841311287e-02
3.200000000000000178e+00 1.000000000000000000e+00 2.000000000000000000e+00 1.451898424336269144e+00 2.806278370103942876e-02
3.399999999999999911e+00 1.000000000000000000e+00 2.000000000000000000e+00 1.500933911700879531e+00 2.772880598233440352e-02
3.600000000000000089e+00 1.000000000000000000e+00 2.000000000000000000e+00 1.550416650852016742e+00 2.578889773665127283e-02
3.799999999999999822e+00 1.000000000000000000e+00 2.000000000000000000e+00 1.603395820534010863e+00 2.839071796359871058e-02
4.000000000000000000e+00 1.000000000000000000e+00 2.000000000000000000e+00 1.659311765027509100e+00 2.889327573459221643e-02
