0.000000000000000000e+00 0.000000000000000000e+00 6.000000000000000000e+00 1.417899220965838092e+00 9.306222119980556151e-02
2.000000000000000111e-01 0.000000000000000000e+00 6.000000000000000000e+00 1.436966213415899585e+00 7.465869619621234854e-02
4.000000000000000222e-01 0.000000000000000000e+00 6.000000000000000000e+00 1.429709870130667637e+00 8.102625214079894889e-02
5.999999999999999778e-01 0.000000000000000000e+00 6.000000000000000000e+00 1.450038889036314060e+00 8.021091550337167142e-02
8.000000000000000444e-01 0.000000000000000000e+00 6.000000000000000000e+00 1.456899713737256796e+00 8.348967280846164574e-02
1.000000000000000000e+00 0.000000000000000000e+00 6.000000000000000000e+00 1.493378897006979455e+00 8.072921547181388657e-02
1.199999999999999956e+00 0.000000000000000000e+00 6.000000000000000000e+00 1.515148314472991142e+00 8.673860733448834903e-02
1.399999999999999911e+00 0.000000000000000000e+00 6.000000000000000000e+00 1.554650925211097379e+00 1.299896820015492560e-01
1.600000000000000089e+00 0.000000000000000000e+00 6.000000000000000000e+00 1.599111349431645568e+00 1.370522640617410914e-01
1.800000000000000044e+00 0.000000000000000000e+00 6.000000000000000000e+00 1.646692197500813748e+00 1.366250652192610993e-01
2.000000000000000000e+00 0.000000000000000000e+00 6.000000000000000000e+00 1.703371417819899980e+00 1.441893947643407836e-01
2.200000000000000178e+00 0.000000000000000000e+00 6.000000000000000000e+00 1.780210733992879213e+00 6.484948732734308052e-02
2.399999999999999911e+00 0.000000000000000000e+00 6.000000000000000000e+00 1.852389143337097588e+00 3.139695382532162737e-01
2.600000000000000089e+00 0.000000000000000000e+00 6.000000000000000000e+00 1.923975391434058491e+00 3.074629873797334323e-01
2.799999999999999822e+00 0.000000000000000000e+00 6.000000000000000000e+00 1.998818962660915854e+00 3.306795626433830515e-01
3.000000000000000000e+00 0.000000000000000000e+00 6.000000000000000000e+00 2.055314043270894508e+00 3.836586164208874994e-01
3.200000000000000178e+00 0.000000000000000000e+00 6.000000000000000000e+00 2.156712332654720399e+00 8.671482376299066708e-02
3.399999999999999911e+00 0.000000000000000000e+00 6.000000000000000000e+00 2.254013194267488807e+00 7.091521086414465103e-02
3.600000000000000089e+00 0.000000000000000000e+00 6.000000000000000000e+00 2.332903949676625288e+00 6.470114910965407695e-02
3.799999999999999822e+00 0.000000000000000000e+00 6.000000000000000000e+00 2.434917359070870368e+00 1.542032749752686449e-02
4.000000000000000000e+00 0.000000000000000000e+00 6.000000000000000000e+00 2.506636266067712171e+00 5.144552763882836999e-02
