0.000000000000000000e+00 3.000000000000000000e+00 7.000000000000000000e+00 1.510641823985021670e+00 8.297530453779311532e-02
2.000000000000000111e-01 3.000000000000000000e+00 7.000000000000000000e+00 1.512046933554534345e+00 1.114621872760975796e-01
4.000000000000000222e-01 3.000000000000000000e+00 7.000000000000000000e+00 1.507256264337377694e+00 1.147379560870770421e-01
5.999999999999999778e-01 3.000000000000000000e+00 7.000000000000000000e+00 1.522425555927484631e+00 1.205851616936511883e-01
8.000000000000000444e-01 3.000000000000000000e+00 7.000000000000000000e+00 1.552419140239094553e+00 1.072814393461755111e-01
1.000000000000000000e+00 3.000000000000000000e+00 7.000000000000000000e+00 1.584251518448669405e+00 1.049130626047032333e-01
1.199999999999999956e+00 3.000000000000000000e+00 7.000000000000000000e+00 1.615731443452298466e+00 1.044051261463652125e-01
1.399999999999999911e+00 3.000000000000000000e+00 7.000000000000000000e+00 1.633546010554157046e+00 1.169973734957691081e-01
1.600000000000000089e+00 3.000000000000000000e+00 7.000000000000000000e+00 1.669777046829766798e+00 1.237394419795662115e-01
1.800000000000000044e+00 3.000000000000000000e+00 7.000000000000000000e+00 1.730574148562334935e+00 1.136068717149205654e-01
2.000000000000000000e+00 3.000000000000000000e+00 7.000000000000000000e+00 1.811219526907434929e+00 9.300811230248506867e-02
2.200000000000000178e+00 3.000000000000000000e+00 7.000000000000000000e+00 1.860758998388493790e+00 8.991142529520079751e-02
2.399999999999999911e+00 3.000000000000000000e+00 7.000000000000000000e+00 1.930573428994680096e+00 8.749923312137530829e-02
2.600000000000000089e+00 3.000000000000000000e+00 7.000000000000000000e+00 1.988443569138336198e+00 8.633828083851957658e-02
2.799999999999999822e+00 3.000000000000000000e+00 7.000000000000000000e+00 2.067770561121107242e+00 8.897180308163210594e-02
3.000000000000000000e+00 3.000000000000000000e+00 7.000000000000000000e+00 2.124355448136332036e+00 9.001182207238600519e-02
3.200000000000000178e+00 3.000000000000000000e+00 7.000000000000000000e+00 2.191729199264266015e+00 7.972284702254617272e-02
3.399999999999999911e+00 3.000000000000000000e+00 7.000000000000000000e+00 2.272209993778165682e+00 8.151191567963933515e-02
3.600000000000000089e+00 3.000000000000000000e+00 7.000000000000000000e+00 2.340816945900625168e+00 8.046377041641572525e-02
3.799999999999999822e+00 3.000000000000000000e+00 7.000000000000000000e+00 2.412147494343874321e+00 8.274304219368100455e-02
4.000000000000000000e+00 3.000000000000000000e+00 7.000000000000000000e+00 2.492121715992941411e+00 8.722456452741345068e-02
