0.000000000000000000e+00 2.000000000000000000e+00 0.000000000000000000e+00 1.061074588486301984e+00 3.675117017084761351e-02
2.000000000000000111e-01 2.000000000000000000e+00 0.000000000000000000e+00 1.065322061563595657e+00 3.626735562665328594e-02
4.000000000000000222e-01 2.000000000000000000e+00 0.000000000000000000e+00 1.043818029467373343e+00 5.018042628856661524e-02
5.999999999999999778e-01 2.000000000000000000e+00 0.000000000000000000e+00 1.083892342901866979e+00 3.662983022951393774e-02
8.000000000000000444e-01 2.000000000000000000e+00 0.000000000000000000e+00 1.096765625850419479e+00 3.659501109053486800e-02
1.000000000000000000e+00 2.000000000000000000e+00 0.000000000000000000e+00 1.122949033836173616e+00 3.536789537098483649e-02
1.199999999999999956e+00 2.000000000000000000e+00 0.000000000000000000e+00 1.147568767673940560e+00 3.528627901303149628e-02
1.399999999999999911e+00 2.000000000000000000e+00 0.000000000000000000e+00 1.173645658256423197e+00 3.554608659099067758e-02
1.600000000000000089e+00 2.000000000000000000e+00 0.000000000000000000e+00 1.206484063749638791e+00 3.574669862248502916e-02
1.800000000000000044e+00 2.000000000000000000e+00 0.000000000000000000e+00 1.240777943621212964e+00 3.582796774862506695e-02
2.000000000000000000e+00 2.000000000000000000e+00 0.000000000000000000e+00 1.282213171789438055e+00 3.564205352428018170e-02
2.200000000000000178e+00 2.000000000000000000e+00 0.000000000000000000e+00 1.320314074619264755e+00 3.601424689232080034e-02
2.399999999999999911e+00 2.000000000000000000e+00 0.000000000000000000e+00 1.362847374966411618e+00 3.603496413070061966e-02
2.600000000000000089e+00 2.000000000000000000e+00 0.000000000000000000e+00 1.402792128423669960e+00 3.766379214143400489e-02
2.799999999999999822e+00 2.000000000000000000e+00 0.000000000000000000e+00 1.446920690825483469e+00 3.781731252804865218e-02
3.000000000000000000e+00 2.000000000000000000e+00 0.000000000000000000e+00 1.494963905632722412e+00 3.718102392526123623e-02
3.200000000000000178e+00 2.000000000000000000e+00 0.000000000000000000e+00 1.545682510521478870e+00 3.718346900615288053e-02
3.399999999999999911e+00 2.000000000000000000e+00 0.000000000000000000e+00 1.596292366319964628e+00 3.704779655991474741e-02
3.600000000000000089e+00 2.000000000000000000e+00 0.000000000000000000e+00 1.645627460705754164e+00 3.469705910692733042e-02
3.799999999999999822e+00 2.000000000000000000e+00 0.000000000000000000e+00 1.693492272581504476e+00 3.833695539912107542e-02
4.000000000000000000e+00 2.000000000000000000e+00 0.000000000000000000e+00 1.747962543521377921e+00 3.779620225568347536e-02
