0.000000000000000000e+00 0.000000000000000000e+00 0.000000000000000000e+00 1.212013331630992230e+00 4.240769841904301618e-02
2.000000000000000111e-01 0.000000000000000000e+00 0.000000000000000000e+00 1.069876290394345952e+00 1.231689705690985903e-03
4.000000000000000222e-01 0.000000000000000000e+00 0.000000000000000000e+00 1.231525128161097271e+00 4.164708917528958665e-02
5.999999999999999778e-01 0.000000000000000000e+00 0.000000000000000000e+00 1.241406987542200024e+00 4.230610555832292619e-02
8.000000000000000444e-01 0.000000000000000000e+00 0.000000000000000000e+00 1.258081320358819255e+00 4.254042911051281184e-02
1.000000000000000000e+00 0.000000000000000000e+00 0.000000000000000000e+00 1.282038621865304595e+00 4.157986822382142567e-02
1.199999999999999956e+00 0.000000000000000000e+00 0.000000000000000000e+00 1.309611521462766159e+00 4.214292938786412535e-02
1.399999999999999911e+00 0.000000000000000000e+00 0.000000000000000000e+00 1.334286697527320431e+00 4.285419086390962473e-02
1.600000000000000089e+00 0.000000000000000000e+00 0.000000000000000000e+00 1.369718859387413223e+00 6.523971544180828808e-02
1.800000000000000044e+00 0.000000000000000000e+00 0.000000000000000000e+00 1.409016279556709161e+00 4.310080314387176870e-02
2.000000000000000000e+00 0.000000000000000000e+00 0.000000000000000000e+00 1.451012163769894725e+00 4.508540411970018980e-02
2.200000000000000178e+00 0.000000000000000000e+00 0.000000000000000000e+00 1.469353382605312897e+00 6.785242228150600852e-02
2.399999999999999911e+00 0.000000000000000000e+00 0.000000000000000000e+00 1.526218400027675726e+00 4.529570877366972947e-02
2.600000000000000089e+00 0.000000000000000000e+00 0.000000000000000000e+00 1.572853367659379220e+00 4.358334959010889964e-02
2.799999999999999822e+00 0.000000000000000000e+00 0.000000000000000000e+00 1.622471455494287618e+00 4.173024766405686314e-02
3.000000000000000000e+00 0.000000000000000000e+00 0.000000000000000000e+00 1.669146816866552419e+00 4.834419476210960465e-02
3.200000000000000178e+00 0.000000000000000000e+00 0.000000000000000000e+00 1.715381721385162983e+00 4.874855291692037351e-02
3.399999999999999911e+00 0.000000000000000000e+00 0.000000000000000000e+00 1.778322871126791327e+00 4.551916496508945364e-02
3.600000000000000089e+00 0.000000000000000000e+00 0.000000000000000000e+00 1.821558697628927748e+00 5.411611378347558343e-05
3.799999999999999822e+00 0.000000000000000000e+00 0.000000000000000000e+00 1.869205763524297570e+00 2.704703434590027822e-02
4.000000000000000000e+00 0.000000000000000000e+00 0.000000000000000000e+00 1.916706123057706490e+00 4.826160065329876403e-05
