0.000000000000000000e+00 1.000000000000000000e+00 6.000000000000000000e+00 8.865090770822897648e-01 5.410151144586622385e-02
2.000000000000000111e-01 1.000000000000000000e+00 6.000000000000000000e+00 9.516495673776781405e-01 2.453875687216305890e-02
4.000000000000000222e-01 1.000000000000000000e+00 6.000000000000000000e+00 8.983598287875921296e-01 4.985839179197620874e-02
5.999999999999999778e-01 1.000000000000000000e+00 6.000000000000000000e+00 9.071334402142872122e-01 4.856579396533111659e-02
8.000000000000000444e-01 1.000000000000000000e+00 6.000000000000000000e+00 9.306395711962878181e-01 4.688012069326813469e-02
1.000000000000000000e+00 1.000000000000000000e+00 6.000000000000000000e+00 9.406388580276442424e-01 4.766611037790441374e-02
1.199999999999999956e+00 1.000000000000000000e+00 6.000000000000000000e+00 9.625769533995498506e-01 4.437191403757057007e-02
1.399999999999999911e+00 1.000000000000000000e+00 6.000000000000000000e+00 1.037609684501468621e+00 3.254431068664409565e-02
1.600000000000000089e+00 1.000000000000000000e+00 6.000000000000000000e+00 9.946776298944387529e-01 4.723726388042276403e-02
1.800000000000000044e+00 1.000000000000000000e+00 6.000000000000000000e+00 1.026743573251027719e+00 4.473923887128078425e-02
2.000000000000000000e+00 1.000000000000000000e+00 6.000000000000000000e+00 1.019265537041619929e+00 8.793160365933028189e-04
2.200000000000000178e+00 1.000000000000000000e+00 6.000000000000000000e+00 1.073271388897326650e+00 4.760058378186660111e-02
2.399999999999999911e+00 1.000000000000000000e+00 6.000000000000000000e+00 1.098333784882690622e+00 4.943614142462693373e-02
2.600000000000000089e+00 1.000000000000000000e+00 6.000000000000000000e+00 1.136973348390821315e+00 3.423853822250633172e-02
2.799999999999999822e+00 1.000000000000000000e+00 6.000000000000000000e+00 1.171776371689347673e+00 4.780332497665629177e-02
3.000000000000000000e+00 1.000000000000000000e+00 6.000000000000000000e+00 1.214174776001728073e+00 4.564686278306528955e-02
3.200000000000000178e+00 1.000000000000000000e+00 6.000000000000000000e+00 1.252550471472820171e+00 4.268989926808886004e-02
3.399999999999999911e+00 1.000000000000000000e+00 6.000000000000000000e+00 1.284465140249652748e+00 4.591151003921267737e-02
3.600000000000000089e+00 1.000000000000000000e+00 6.000000000000000000e+00 1.319297086173983891e+00 4.831889381302389985e-02
3.799999999999999822e+00 1.000000000000000000e+00 6.000000000000000000e+00 1.353121797858469755e+00 5.071958936567511067e-02
4.000000000000000000e+00 1.000000000000000000e+00 6.000000000000000000e+00 1.381085748734698360e+00 5.858879773181691064e-02
