0.000000000000000000e+00 3.000000000000000000e+00 6.000000000000000000e+00 1.427700233157191523e+00 1.065462436578786809e-01
2.000000000000000111e-01 3.000000000000000000e+00 6.000000000000000000e+00 1.425676241402544786e+00 1.079070649653921521e-01
4.000000000000000222e-01 3.000000000000000000e+00 6.000000000000000000e+00 1.446218689588389950e+00 1.028623708052242014e-01
5.999999999999999778e-01 3.000000000000000000e+00 6.000000000000000000e+00 1.486470974094326714e+00 9.726185311351942531e-02
8.000000000000000444e-01 3.000000000000000000e+00 6.000000000000000000e+00 1.516990873725511779e+00 8.367237335933508380e-02
1.000000000000000000e+00 3.000000000000000000e+00 6.000000000000000000e+00 1.541574973658919046e+00 7.624897009355935396e-02
1.199999999999999956e+00 3.000000000000000000e+00 6.000000000000000000e+00 1.575013230848864687e+00 6.734107101981390286e-02
1.399999999999999911e+00 3.000000000000000000e+00 6.000000000000000000e+00 1.616336005282196897e+00 6.674373396381572121e-02
1.600000000000000089e+00 3.000000000000000000e+00 6.000000000000000000e+00 1.650779441365733291e+00 6.874182869199141344e-02
1.800000000000000044e+00 3.000000000000000000e+00 6.000000000000000000e+00 1.697916891428316699e+00 6.426858956604974971e-02
2.000000000000000000e+00 3.000000000000000000e+00 6.000000000000000000e+00 1.739102456228531768e+00 6.725291347366013639e-02
2.200000000000000178e+00 3.000000000000000000e+00 6.000000000000000000e+00 1.778870705166232247e+00 7.276197979486009881e-02
2.399999999999999911e+00 3.000000000000000000e+00 6.000000000000000000e+00 1.816648029279892551e+00 7.641226099184994514e-02
2.600000000000000089e+00 3.000000000000000000e+00 6.000000000000000000e+00 1.845105270683742749e+00 9.298036550260624367e-02
2.799999999999999822e+00 3.000000000000000000e+00 6.000000000000000000e+00 1.880441547325288454e+00 9.769860406175745471e-02
3.000000000000000000e+00 3.000000000000000000e+00 6.000000000000000000e+00 1.939727808583331381e+00 9.324051661217835907e-02
3.200000000000000178e+00 3.000000000000000000e+00 6.000000000000000000e+00 2.005442900765718850e+00 9.528316883249599023e-02
3.399999999999999911e+00 3.000000000000000000e+00 6.000000000000000000e+00 2.080051370540607625e+00 8.854566294033472396e-02
3.600000000000000089e+00 3.000000000000000000e+00 6.000000000000000000e+00 2.136245910472518439e+00 8.591772912075112956e-02
3.799999999999999822e+00 3.000000000000000000e+00 6.000000000000000000e+00 2.208777264226559733e+00 8.571201068458589312e-02
4.000000000000000000e+00 3.000000000000000000e+00 6.000000000000000000e+00 2.277504658142349037e+00 2.087288529764872447e-01
