0.000000000000000000e+00 2.000000000000000000e+00 7.000000000000000000e+00 1.008953694946519430e+00 6.270983824087777991e-02
2.000000000000000111e-01 2.000000000000000000e+00 7.000000000000000000e+00 1.019858410018174011e+00 5.764573217312107811e-02
4.000000000000000222e-01 2.000000000000000000e+00 7.000000000000000000e+00 1.016091217094445831e+00 1.192755413803592290e-03
5.999999999999999778e-01 2.000000000000000000e+00 7.000000000000000000e+00 1.027646141676811231e+00 6.107231916555316831e-02
8.000000000000000444e-01 2.000000000000000000e+00 7.000000000000000000e+00 1.026690055178046013e+00 4.558971543434181539e-02
1.000000000000000000e+00 2.000000000000000000e+00 7.000000000000000000e+00 1.033799156621592719e+00 8.030323571259073701e-02
1.199999999999999956e+00 2.000000000000000000e+00 7.000000000000000000e+00 1.101625991676821181e+00 5.548017346163769403e-02
1.399999999999999911e+00 2.000000000000000000e+00 7.000000000000000000e+00 1.134775162748938193e+00 5.111021655401748465e-02
1.600000000000000089e+00 2.000000000000000000e+00 7.000000000000000000e+00 1.050971289878866344e+00 4.738395660008887234e-04
1.800000000000000044e+00 2.000000000000000000e+00 7.000000000000000000e+00 1.195110870681199700e+00 3.715819519142238292e-02
2.000000000000000000e+00 2.000000000000000000e+00 7.000000000000000000e+00 1.226952263504188956e+00 3.894795927338567942e-02
2.200000000000000178e+00 2.000000000000000000e+00 7.000000000000000000e+00 1.266681815910542408e+00 5.118699545752858349e-02
2.399999999999999911e+00 2.000000000000000000e+00 7.000000000000000000e+00 1.304742356871263498e+00 5.287934313500786132e-02
2.600000000000000089e+00 2.000000000000000000e+00 7.000000000000000000e+00 1.330459260260560272e+00 5.847207597863701700e-02
2.799999999999999822e+00 2.000000000000000000e+00 7.000000000000000000e+00 1.381566475751494938e+00 5.512000667526328890e-02
3.000000000000000000e+00 2.000000000000000000e+00 7.000000000000000000e+00 1.437463981138230595e+00 5.003395933217258396e-02
3.200000000000000178e+00 2.000000000000000000e+00 7.000000000000000000e+00 1.486247491697605838e+00 5.079292197134832598e-02
3.399999999999999911e+00 2.000000000000000000e+00 7.000000000000000000e+00 1.511769378652749740e+00 6.146955010666699248e-02
3.600000000000000089e+00 2.000000000000000000e+00 7.000000000000000000e+00 1.571326030675321395e+00 5.606696578406977771e-02
3.799999999999999822e+00 2.000000000000000000e+00 7.000000000000000000e+00 1.621380526671740707e+00 6.108071485550348179e-02
4.000000000000000000e+00 2.000000000000000000e+00 7.000000000000000000e+00 1.676707344969360358e+00 5.758416005175215346e-02
