0.000000000000000000e+00 3.000000000000000000e+00 4.000000000000000000e+00 1.397551440097118958e+00 6.587570798940456385e-04
2.000000000000000111e-01 3.000000000000000000e+00 4.000000000000000000e+00 1.391793362233689768e+00 5.383550264770331495e-04
4.000000000000000222e-01 3.000000000000000000e+00 4.000000000000000000e+00 1.395247509654444329e+00 2.118207194968801943e-03
5.999999999999999778e-01 3.000000000000000000e+00 4.000000000000000000e+00 1.400602510204760787e+00 1.837398719393146251e-04
8.000000000000000444e-01 3.000000000000000000e+00 4.000000000000000000e+00 1.403797941069453881e+00 9.558934140785346756e-05
1.000000000000000000e+00 3.000000000000000000e+00 4.000000000000000000e+00 1.414922886776172062e+00 7.027107467660886897e-04
1.199999999999999956e+00 3.000000000000000000e+00 4.000000000000000000e+00 1.437890325125269486e+00 6.868644680646518452e-04
1.399999999999999911e+00 3.000000000000000000e+00 4.000000000000000000e+00 1.469144157675241313e+00 2.112239720331032800e-03
1.600000000000000089e+00 3.000000000000000000e+00 4.000000000000000000e+00 1.489882262215499464e+00 6.716974819914733885e-04
1.800000000000000044e+00 3.000000000000000000e+00 4.000000000000000000e+00 1.530709886175746881e+00 6.276192671910152399e-04
2.000000000000000000e+00 3.000000000000000000e+00 4.000000000000000000e+00 1.556735549626649284e+00 6.412998523858126632e-04
2.200000000000000178e+00 3.000000000000000000e+00 4.000000000000000000e+00 1.588377156859260841e+00 7.572572276343114694e-04
2.399999999999999911e+00 3.000000000000000000e+00 4.000000000000000000e+00 1.619188496113643350e+00 7.875777502208691772e-04
2.600000000000000089e+00 3.000000000000000000e+00 4.000000000000000000e+00 1.654026610511387219e+00 6.676658742458263518e-04
2.799999999999999822e+00 3.000000000000000000e+00 4.000000000000000000e+00 1.697316220310844948e+00 6.936346195407505633e-04
3.000000000000000000e+00 3.000000000000000000e+00 4.000000000000000000e+00 1.731900646041590441e+00 3.755599996524416895e-05
3.200000000000000178e+00 3.000000000000000000e+00 4.000000000000000000e+00 1.773155744771360842e+00 6.877496368962177087e-04
3.399999999999999911e+00 3.000000000000000000e+00 4.000000000000000000e+00 1.819320251271131506e+00 7.780751841238719990e-04
3.600000000000000089e+00 3.000000000000000000e+00 4.000000000000000000e+00 1.860114119759015860e+00 8.327373256422632153e-04
3.799999999999999822e+00 3.000000000000000000e+00 4.000000000000000000e+00 1.901473205300608926e+00 7.625029901425772749e-04
4.000000000000000000e+00 3.000000000000000000e+00 4.000000000000000000e+00 1.946670427902025935e+00 8.999539307907866714e-04
