0.000000000000000000e+00 1.000000000000000000e+00 6.000000000000000000e+00 9.976152219214040606e-01 4.952548587464078444e-04
2.000000000000000111e-01 1.000000000000000000e+00 6.000000000000000000e+00 9.907916216204376569e-01 5.097740694412489226e-04
4.000000000000000222e-01 1.000000000000000000e+00 6.000000000000000000e+00 9.906696961528627110e-01 7.372050868692525682e-04
5.999999999999999778e-01 1.000000000000000000e+00 6.000000000000000000e+00 9.961619736119142754e-01 7.381870287426206545e-04
8.000000000000000444e-01 1.000000000000000000e+00 6.000000000000000000e+00 1.006800967148020032e+00 8.285080806191835734e-06
1.000000000000000000e+00 1.000000000000000000e+00 6.000000000000000000e+00 1.028327976492564577e+00 4.798020281618908811e-04
1.199999999999999956e+00 1.000000000000000000e+00 6.000000000000000000e+00 1.055644346292170077e+00 4.543734723574388568e-04
1.399999999999999911e+00 1.000000000000000000e+00 6.000000000000000000e+00 1.072150900271454654e+00 4.573161335678088690e-04
1.600000000000000089e+00 1.000000000000000000e+00 6.000000000000000000e+00 1.084160729169099557e+00 6.503229671442900539e-04
1.800000000000000044e+00 1.000000000000000000e+00 6.000000000000000000e+00 1.108197900608662856e+00 4.529258585206363819e-04
2.000000000000000000e+00 1.000000000000000000e+00 6.000000000000000000e+00 1.129572876986897789e+00 4.562268462307006445e-04
2.200000000000000178e+00 1.000000000000000000e+00 6.000000000000000000e+00 1.154184584553798576e+00 4.639951452938273491e-04
2.399999999999999911e+00 1.000000000000000000e+00 6.000000000000000000e+00 1.176787995461596292e+00 4.842193874303735157e-04
2.600000000000000089e+00 1.000000000000000000e+00 6.000000000000000000e+00 1.197281832038350480e+00 4.998671860104719755e-04
2.799999999999999822e+00 1.000000000000000000e+00 6.000000000000000000e+00 1.227131605358640076e+00 6.969663636726686207e-04
3.000000000000000000e+00 1.000000000000000000e+00 6.000000000000000000e+00 1.252239852411307641e+00 5.192350602950535077e-04
3.200000000000000178e+00 1.000000000000000000e+00 6.000000000000000000e+00 1.283889258070635142e+00 5.236709477870471474e-04
3.399999999999999911e+00 1.000000000000000000e+00 6.000000000000000000e+00 1.316234957734039757e+00 5.345013916350227490e-04
3.600000000000000089e+00 1.000000000000000000e+00 6.000000000000000000e+00 1.355202888861545274e+00 4.652385730400387942e-04
3.799999999999999822e+00 1.000000000000000000e+00 6.000000000000000000e+00 1.381020782595059782e+00 8.229273759063904237e-04
4.000000000000000000e+00 1.000000000000000000e+00 6.000000000000000000e+00 1.419777832236771564e+00 7.900389821996478545e-04
