0.000000000000000000e+00 3.000000000000000000e+00 5.000000000000000000e+00 1.325464714451708437e+00 6.575465802277613570e-02
2.000000000000000111e-01 3.000000000000000000e+00 5.000000000000000000e+00 1.320175962957931270e+00 7.004902046628602719e-02
4.000000000000000222e-01 3.000000000000000000e+00 5.000000000000000000e+00 1.336592195767051239e+00 4.487280566522866554e-02
5.999999999999999778e-01 3.000000000000000000e+00 5.000000000000000000e+00 1.341089819041676456e+00 4.662700022870192029e-02
8.000000000000000444e-01 3.000000000000000000e+00 5.000000000000000000e+00 1.336271276654057427e+00 5.358853389536366585e-02
1.000000000000000000e+00 3.000000000000000000e+00 5.000000000000000000e+00 1.361800000771409724e+00 6.658876511753719640e-02
1.199999999999999956e+00 3.000000000000000000e+00 5.000000000000000000e+00 1.394915900641370943e+00 9.031330066788245681e-03
1.399999999999999911e+00 3.000000000000000000e+00 5.000000000000000000e+00 1.404225598371961592e+00 1.481028619198898610e-02
1.600000000000000089e+00 3.000000000000000000e+00 5.000000000000000000e+00 1.415146637316362366e+00 1.515397305442300890e-02
1.800000000000000044e+00 3.000000000000000000e+00 5.000000000000000000e+00 1.447475051542767677e+00 5.478720051136143354e-02
2.000000000000000000e+00 3.000000000000000000e+00 5.000000000000000000e+00 1.487358539294017401e+00 7.085596330948706889e-02
2.200000000000000178e+00 3.000000000000000000e+00 5.000000000000000000e+00 1.543394993199292964e+00 4.782769247345386443e-02
2.399999999999999911e+00 3.000000000000000000e+00 5.000000000000000000e+00 1.557134563966526386e+00 5.544821312381742473e-02
2.600000000000000089e+00 3.000000000000000000e+00 5.000000000000000000e+00 1.602052747749604489e+00 7.227256955306071706e-02
2.799999999999999822e+00 3.000000000000000000e+00 5.000000000000000000e+00 1.657082995789296742e+00 5.470241110957529962e-02
3.000000000000000000e+00 3.000000000000000000e+00 5.000000000000000000e+00 1.695624072117920544e+00 7.233694434018889119e-02
3.200000000000000178e+00 3.000000000000000000e+00 5.000000000000000000e+00 1.727325989833067288e+00 6.304797262582040318e-02
3.399999999999999911e+00 3.000000000000000000e+00 5.000000000000000000e+00 1.771205348907919364e+00 6.586445241329641487e-02
3.600000000000000089e+00 3.000000000000000000e+00 5.000000000000000000e+00 1.831551033290330199e+00 6.197255412409252706e-02
3.799999999999999822e+00 3.000000000000000000e+00 5.000000000000000000e+00 1.922520175347170568e+00 4.840311764488824942e-02
4.000000000000000000e+00 3.000000000000000000e+00 5.000000000000000000e+00 1.929788701721523170e+00 6.463448829524509609e-02
