0.000000000000000000e+00 2.000000000000000000e+00 3.000000000000000000e+00 9.978359819300058886e-01 6.171464613347055206e-05
2.000000000000000111e-01 2.000000000000000000e+00 3.000000000000000000e+00 9.975712246778989378e-01 3.725119349878847075e-04
4.000000000000000222e-01 2.000000000000000000e+00 3.000000000000000000e+00 1.005141058541521470e+00 7.515753600895180853e-05
5.999999999999999778e-01 2.000000000000000000e+00 3.000000000000000000e+00 1.019054311816716130e+00 8.561379760907428249e-05
8.000000000000000444e-01 2.000000000000000000e+00 3.000000000000000000e+00 1.038055006251229484e+00 4.083967743317984400e-04
1.000000000000000000e+00 2.000000000000000000e+00 3.000000000000000000e+00 1.033693931293540480e+00 4.341904220017678284e-05
1.199999999999999956e+00 2.000000000000000000e+00 3.000000000000000000e+00 1.070634386066398491e+00 3.947066256173581422e-04
1.399999999999999911e+00 2.000000000000000000e+00 3.000000000000000000e+00 1.105099589692440931e+00 3.654559458891037949e-04
1.600000000000000089e+00 2.000000000000000000e+00 3.000000000000000000e+00 1.139036796118260586e+00 3.599367142805842690e-04
1.800000000000000044e+00 2.000000000000000000e+00 3.000000000000000000e+00 1.170443704007993357e+00 4.123065709579210036e-04
2.000000000000000000e+00 2.000000000000000000e+00 3.000000000000000000e+00 1.209576981777799709e+00 3.543375050257813186e-04
2.200000000000000178e+00 2.000000000000000000e+00 3.000000000000000000e+00 1.250562880878244298e+00 4.024596375309386076e-04
2.399999999999999911e+00 2.000000000000000000e+00 3.000000000000000000e+00 1.295875856654218339e+00 3.998252022863191257e-04
2.600000000000000089e+00 2.000000000000000000e+00 3.000000000000000000e+00 1.335002463104036252e+00 3.530516414781414980e-04
2.799999999999999822e+00 2.000000000000000000e+00 3.000000000000000000e+00 1.374515734382581567e+00 3.589281118030474005e-04
3.000000000000000000e+00 2.000000000000000000e+00 3.000000000000000000e+00 1.427157803244131218e+00 3.716045518828980931e-04
3.200000000000000178e+00 2.000000000000000000e+00 3.000000000000000000e+00 1.471475310515389934e+00 4.117544732717970390e-04
3.399999999999999911e+00 2.000000000000000000e+00 3.000000000000000000e+00 1.520996538905001749e+00 4.059138703604858733e-04
3.600000000000000089e+00 2.000000000000000000e+00 3.000000000000000000e+00 1.569395831372104144e+00 4.057507996499953862e-04
3.799999999999999822e+00 2.000000000000000000e+00 3.000000000000000000e+00 1.621975964415642846e+00 3.990534372414478170e-04
4.000000000000000000e+00 2.000000000000000000e+00 3.000000000000000000e+00 1.671871844573252108e+00 3.598649482792204424e-04
